0	-6.18643E-6	
0.001	-1.94823E-6	
0.002	-2.07669E-6	
0.003	-2.5148E-6	
0.004	-2.55853E-6	
0.005	-5.91458E-6	
0.006	-2.36899E-6	
0.007	-4.08941E-6	
0.008	-7.67775E-6	
0.009	-2.5345E-7	
0.01	-6.08375E-6	
0.011	-6.16821E-6	
0.012	-2.45818E-6	
0.013	-8.54701E-6	
0.014	-2.5553E-6	
0.015	-1.62146E-6	
0.016	-3.57831E-6	
0.017	-7.46119E-6	
0.018	-4.93547E-6	
0.019	-7.19178E-6	
0.02	-7.73554E-6	
0.021	-2.98107E-6	
0.022	2.95319E-6	
0.023	8.20113E-7	
0.024	-4.08302E-6	
0.025	7.67259E-7	
0.026	-5.8534E-6	
0.027	-7.26803E-6	
0.028	-6.28155E-6	
0.029	-2.66377E-6	
0.03	-6.75567E-6	
0.031	-6.62282E-6	
0.032	-4.23318E-6	
0.033	-8.56775E-6	
0.034	-3.70494E-6	
0.035	9.95958E-7	
0.036	-1.20864E-6	
0.037	-2.74074E-6	
0.038	-5.66393E-6	
0.039	-4.43234E-6	
0.04	-5.09704E-6	
0.041	-9.94389E-6	
0.042	-1.20081E-6	
0.043	-3.45184E-6	
0.044	-2.11273E-6	
0.045	-3.12506E-7	
0.046	-2.55177E-6	
0.047	-8.18244E-6	
0.048	-6.60536E-6	
0.049	-4.67112E-6	
0.05	-1.10678E-5	
0.051	-7.79113E-6	
0.052	-1.89518E-6	
0.053	-7.51236E-6	
0.054	-6.5402E-6	
0.055	-7.24447E-6	
0.056	-8.12996E-6	
0.057	-1.4113E-5	
0.058	-6.71419E-6	
0.059	-7.24783E-6	
0.06	-6.50039E-6	
0.061	-5.02137E-6	
0.062	-8.64787E-6	
0.063	-7.11461E-6	
0.064	-4.95741E-6	
0.065	-4.7345E-6	
0.066	-5.55047E-6	
0.067	-3.75853E-6	
0.068	-5.43458E-6	
0.069	-4.16816E-6	
0.07	-1.93185E-6	
0.071	-5.25752E-6	
0.072	-5.6515E-6	
0.073	-5.9893E-6	
0.074	-8.7274E-6	
0.075	-7.20316E-6	
0.076	-4.12416E-6	
0.077	-8.8902E-6	
0.078	-4.05262E-6	
0.079	-7.59359E-6	
0.08	-2.73522E-6	
0.081	-5.91071E-6	
0.082	-3.36888E-6	
0.083	-1.37274E-6	
0.084	-1.80134E-6	
0.085	-5.46131E-6	
0.086	-2.55842E-6	
0.087	-1.95931E-6	
0.088	-4.7461E-6	
0.089	-8.85019E-6	
0.09	-5.61518E-6	
0.091	-5.43029E-6	
0.092	-7.12684E-6	
0.093	-6.06329E-6	
0.094	-1.64442E-6	
0.095	-4.45715E-6	
0.096	-3.86325E-6	
0.097	-4.34377E-6	
0.098	-3.23621E-6	
0.099	-5.91431E-6	
0.1	-1.1263E-5	
0.101	-8.30005E-6	
0.102	-3.53438E-6	
0.103	-3.34666E-6	
0.104	-1.77449E-6	
0.105	-5.28453E-6	
0.106	-3.59709E-6	
0.107	-1.00837E-5	
0.108	-5.66597E-6	
0.109	-3.85469E-6	
0.11	-4.48609E-6	
0.111	-5.86968E-6	
0.112	-9.19501E-8	
0.113	-4.89672E-6	
0.114	-5.5768E-6	
0.115	-8.26176E-6	
0.116	-6.9634E-6	
0.117	-3.36826E-6	
0.118	-3.79486E-6	
0.119	-3.54559E-6	
0.12	-1.31676E-6	
0.121	-6.10403E-7	
0.122	-7.25386E-7	
0.123	-5.46986E-7	
0.124	-5.39644E-6	
0.125	-6.51226E-6	
0.126	-6.59731E-6	
0.127	-5.74928E-6	
0.128	-7.64309E-6	
0.129	-4.3799E-6	
0.13	-8.84496E-6	
0.131	-6.31639E-6	
0.132	-3.29967E-6	
0.133	-3.77048E-6	
0.134	-1.72539E-6	
0.135	-5.89797E-6	
0.136	-6.72375E-6	
0.137	-6.01842E-6	
0.138	-9.62269E-6	
0.139	-5.00052E-6	
0.14	-4.79327E-6	
0.141	-7.29197E-6	
0.142	-6.05919E-6	
0.143	-2.64334E-6	
0.144	-4.40928E-6	
0.145	-6.54566E-6	
0.146	-3.06896E-6	
0.147	-4.26267E-6	
0.148	-5.87343E-6	
0.149	-5.37937E-6	
0.15	-3.91376E-6	
0.151	-6.9641E-6	
0.152	-3.80603E-6	
0.153	2.4294E-7	
0.154	-5.00856E-6	
0.155	-4.96422E-6	
0.156	-4.5535E-6	
0.157	-5.05288E-6	
0.158	-2.18976E-6	
0.159	-2.79495E-6	
0.16	-7.5055E-6	
0.161	-7.96998E-6	
0.162	-6.14302E-6	
0.163	-7.2995E-6	
0.164	-1.73985E-6	
0.165	-4.54155E-6	
0.166	-7.24501E-6	
0.167	-6.3827E-6	
0.168	-1.74909E-6	
0.169	-4.63618E-6	
0.17	-2.46229E-6	
0.171	-7.56664E-6	
0.172	-5.7326E-6	
0.173	-7.33267E-7	
0.174	-8.33776E-6	
0.175	-5.28077E-6	
0.176	-7.08752E-6	
0.177	-2.93106E-6	
0.178	1.96605E-6	
0.179	-3.15615E-6	
0.18	-9.19678E-6	
0.181	-1.13091E-5	
0.182	-6.65324E-6	
0.183	-5.43556E-6	
0.184	-2.78588E-6	
0.185	-6.83469E-6	
0.186	-6.60106E-6	
0.187	-5.09648E-6	
0.188	-5.24255E-6	
0.189	-1.67281E-6	
0.19	-2.39596E-6	
0.191	-5.63595E-7	
0.192	-1.8438E-6	
0.193	-3.90339E-6	
0.194	-4.04158E-6	
0.195	-3.46273E-6	
0.196	-1.00135E-5	
0.197	-4.55308E-6	
0.198	-6.05973E-6	
0.199	-1.2869E-6	
0.2	-1.28027E-5	
0.201	-5.48949E-6	
0.202	-7.2361E-6	
0.203	-7.20681E-6	
0.204	-8.52897E-6	
0.205	-2.83855E-6	
0.206	-1.41866E-6	
0.207	-2.38653E-6	
0.208	-2.50789E-6	
0.209	-7.47558E-6	
0.21	-6.99257E-6	
0.211	-1.66727E-6	
0.212	-8.08461E-6	
0.213	-1.16738E-5	
0.214	-3.10492E-6	
0.215	-6.03223E-7	
0.216	-5.33977E-6	
0.217	-8.73453E-6	
0.218	-6.22938E-6	
0.219	-2.93717E-6	
0.22	-7.48725E-6	
0.221	-4.66012E-6	
0.222	-1.70185E-6	
0.223	-2.34884E-6	
0.224	1.00677E-6	
0.225	-2.9032E-6	
0.226	-1.23184E-6	
0.227	-4.16611E-6	
0.228	-4.92613E-6	
0.229	-6.00124E-6	
0.23	-5.25574E-6	
0.231	-7.80645E-6	
0.232	-4.68609E-6	
0.233	-7.16273E-6	
0.234	-4.18407E-6	
0.235	-5.7561E-6	
0.236	-3.30756E-6	
0.237	-6.89221E-6	
0.238	-4.71431E-6	
0.239	-4.01191E-6	
0.24	-5.88698E-6	
0.241	-4.07861E-6	
0.242	-5.07012E-6	
0.243	-2.28423E-6	
0.244	-4.78248E-6	
0.245	-1.60898E-6	
0.246	-7.63717E-6	
0.247	-2.09886E-6	
0.248	-1.64361E-6	
0.249	-3.96324E-6	
0.25	-4.54933E-6	
0.251	2.79146E-6	
0.252	2.79051E-6	
0.253	-4.40619E-6	
0.254	-9.1174E-6	
0.255	-6.64014E-6	
0.256	-8.24433E-6	
0.257	-6.16251E-6	
0.258	-6.87006E-6	
0.259	-4.86056E-6	
0.26	-5.76368E-7	
0.261	-4.33208E-6	
0.262	-6.42866E-6	
0.263	-3.35786E-6	
0.264	-3.65463E-6	
0.265	1.3239E-6	
0.266	-4.72211E-6	
0.267	-8.71334E-6	
0.268	-1.70094E-6	
0.269	-6.26677E-6	
0.27	-7.42377E-6	
0.271	-6.29206E-6	
0.272	-1.57752E-6	
0.273	-5.29262E-6	
0.274	-7.10031E-6	
0.275	-1.79784E-6	
0.276	-1.87523E-6	
0.277	-2.69445E-7	
0.278	-7.94907E-6	
0.279	-6.34132E-6	
0.28	-5.46052E-6	
0.281	-1.02206E-5	
0.282	-2.76653E-6	
0.283	-1.44408E-6	
0.284	-1.37468E-6	
0.285	-1.68436E-6	
0.286	-3.22808E-6	
0.287	-5.16835E-6	
0.288	1.76181E-6	
0.289	-1.57225E-6	
0.29	-5.72433E-6	
0.291	-2.98843E-6	
0.292	-5.28069E-6	
0.293	-4.23368E-6	
0.294	1.1913E-6	
0.295	-1.7773E-6	
0.296	-6.58118E-7	
0.297	-7.5854E-6	
0.298	-8.35792E-6	
0.299	2.10383E-6	
0.3	-1.58911E-6	
0.301	-2.34039E-6	
0.302	-5.10004E-6	
0.303	-3.26527E-6	
0.304	3.1862E-6	
0.305	-2.86015E-6	
0.306	-9.57278E-7	
0.307	-5.33987E-6	
0.308	-2.91529E-6	
0.309	-5.75389E-6	
0.31	-6.04879E-6	
0.311	-8.99718E-7	
0.312	-2.31488E-6	
0.313	-2.14428E-6	
0.314	-3.01747E-6	
0.315	-3.33791E-6	
0.316	-2.81702E-6	
0.317	-4.83633E-6	
0.318	-9.16692E-6	
0.319	-1.71078E-6	
0.32	-7.25982E-6	
0.321	-5.31216E-6	
0.322	-2.63181E-6	
0.323	-2.92894E-6	
0.324	7.92165E-7	
0.325	-3.52431E-6	
0.326	-5.05529E-6	
0.327	-4.92098E-6	
0.328	-7.45091E-6	
0.329	-9.91187E-6	
0.33	1.24538E-6	
0.331	-7.52359E-6	
0.332	-8.60729E-6	
0.333	-7.87038E-6	
0.334	-2.899E-6	
0.335	-3.20591E-6	
0.336	-8.22491E-7	
0.337	-3.30145E-6	
0.338	-1.5409E-6	
0.339	-4.78699E-7	
0.34	-3.87852E-6	
0.341	-2.03973E-7	
0.342	3.45665E-7	
0.343	-6.28177E-7	
0.344	6.74544E-7	
0.345	5.71849E-7	
0.346	-2.31333E-6	
0.347	-6.10032E-6	
0.348	-1.28716E-6	
0.349	-6.03341E-6	
0.35	-1.83813E-6	
0.351	-1.05064E-6	
0.352	-8.03384E-7	
0.353	-9.00768E-6	
0.354	-7.23501E-6	
0.355	-2.74391E-6	
0.356	-6.06096E-7	
0.357	-2.5941E-6	
0.358	-6.54075E-6	
0.359	-2.70547E-6	
0.36	-4.3628E-6	
0.361	-2.88967E-6	
0.362	-2.86043E-7	
0.363	-6.4213E-6	
0.364	-4.27708E-6	
0.365	-2.10473E-6	
0.366	-2.32446E-6	
0.367	-5.11936E-6	
0.368	-5.20269E-6	
0.369	-6.33353E-6	
0.37	-6.84164E-6	
0.371	-2.69807E-6	
0.372	-3.83426E-6	
0.373	-2.06323E-6	
0.374	-2.31487E-6	
0.375	-2.77975E-6	
0.376	-4.37271E-7	
0.377	-7.82652E-6	
0.378	-7.51042E-6	
0.379	-1.31145E-5	
0.38	-5.83377E-6	
0.381	-4.61811E-6	
0.382	-5.0634E-6	
0.383	-3.54544E-6	
0.384	-4.49253E-6	
0.385	-3.1016E-6	
0.386	-3.94809E-6	
0.387	-5.74866E-6	
0.388	-5.0837E-6	
0.389	-5.96935E-6	
0.39	-1.76198E-6	
0.391	-1.30771E-6	
0.392	-7.24659E-6	
0.393	-3.14268E-6	
0.394	-3.77727E-6	
0.395	-4.34311E-6	
0.396	7.34988E-7	
0.397	-1.65926E-6	
0.398	-5.15613E-6	
0.399	-7.40874E-6	
0.4	-8.13314E-6	
0.401	-7.21128E-6	
0.402	-8.05863E-6	
0.403	-4.28252E-6	
0.404	-9.35089E-6	
0.405	-7.02757E-6	
0.406	-4.41676E-7	
0.407	-5.21396E-6	
0.408	-6.41369E-6	
0.409	-5.92865E-6	
0.41	-1.47079E-6	
0.411	-1.58446E-6	
0.412	-5.90636E-6	
0.413	8.5544E-7	
0.414	-6.42333E-6	
0.415	1.37518E-6	
0.416	-2.51913E-6	
0.417	-1.47923E-6	
0.418	-5.69164E-6	
0.419	-9.02545E-6	
0.42	-9.85981E-6	
0.421	-1.10186E-6	
0.422	-5.15201E-6	
0.423	-4.38519E-6	
0.424	-4.98625E-6	
0.425	-2.11418E-6	
0.426	-6.84503E-6	
0.427	-5.46524E-6	
0.428	-3.21567E-6	
0.429	-4.0541E-6	
0.43	-2.20618E-6	
0.431	1.04015E-6	
0.432	-4.63728E-7	
0.433	-4.91713E-6	
0.434	-2.5553E-6	
0.435	-2.56153E-6	
0.436	-1.87215E-6	
0.437	-5.38367E-6	
0.438	-4.43333E-7	
0.439	-1.89229E-6	
0.44	-1.83871E-6	
0.441	-1.49587E-7	
0.442	-4.49028E-6	
0.443	-6.63864E-6	
0.444	-2.58592E-6	
0.445	-3.1794E-6	
0.446	-5.40819E-6	
0.447	-5.54359E-6	
0.448	-6.98955E-6	
0.449	-4.83763E-6	
0.45	-7.92916E-6	
0.451	-7.02529E-6	
0.452	-2.36237E-6	
0.453	-2.45874E-6	
0.454	-6.17844E-6	
0.455	-3.03625E-6	
0.456	-2.431E-6	
0.457	-4.72711E-6	
0.458	-9.79068E-6	
0.459	-4.7835E-6	
0.46	9.98534E-7	
0.461	-6.71586E-6	
0.462	-7.61114E-6	
0.463	-4.03743E-6	
0.464	-3.17008E-6	
0.465	-9.38998E-6	
0.466	-5.06149E-6	
0.467	-8.04982E-6	
0.468	-2.05249E-8	
0.469	-6.80901E-7	
0.47	-6.94895E-6	
0.471	-8.16892E-6	
0.472	1.5824E-8	
0.473	-3.9718E-6	
0.474	-3.59309E-6	
0.475	-2.53425E-6	
0.476	-2.56601E-6	
0.477	-7.3046E-6	
0.478	-5.34676E-6	
0.479	-4.01967E-6	
0.48	-2.0615E-6	
0.481	-3.95767E-7	
0.482	-4.07665E-6	
0.483	1.00396E-7	
0.484	-3.85717E-6	
0.485	-1.30022E-6	
0.486	-4.94335E-6	
0.487	-4.68861E-6	
0.488	-7.95402E-6	
0.489	-2.95042E-6	
0.49	-4.70247E-6	
0.491	-1.46899E-6	
0.492	-5.55018E-6	
0.493	-2.06477E-6	
0.494	-6.37472E-6	
0.495	-3.26279E-6	
0.496	-3.70362E-6	
0.497	-7.67314E-6	
0.498	-5.57528E-6	
0.499	-2.24708E-6	
0.5	3.82732E-7	
0.501	-7.93164E-6	
0.502	-4.89955E-6	
0.503	-1.35484E-7	
0.504	-4.12892E-6	
0.505	-4.23291E-6	
0.506	-7.53783E-6	
0.507	-4.93993E-6	
0.508	-7.1388E-6	
0.509	-7.21535E-6	
0.51	-3.9253E-6	
0.511	-3.46927E-6	
0.512	-4.4694E-6	
0.513	-3.64345E-6	
0.514	-4.06923E-6	
0.515	-6.66417E-6	
0.516	-9.24416E-6	
0.517	-6.65184E-6	
0.518	-4.4449E-6	
0.519	-4.23722E-6	
0.52	-3.99006E-6	
0.521	-6.23056E-6	
0.522	-5.68521E-6	
0.523	-6.17912E-6	
0.524	-6.41599E-6	
0.525	-4.89954E-6	
0.526	-6.33213E-6	
0.527	-2.816E-6	
0.528	1.11507E-6	
0.529	1.80916E-6	
0.53	-1.70128E-6	
0.531	-6.72769E-6	
0.532	-3.03566E-6	
0.533	-6.55041E-6	
0.534	-1.68695E-6	
0.535	-5.89899E-6	
0.536	-8.75417E-6	
0.537	-3.72307E-6	
0.538	-2.46628E-6	
0.539	9.94739E-7	
0.54	-1.33805E-6	
0.541	1.40689E-6	
0.542	-2.43805E-6	
0.543	2.87156E-6	
0.544	-5.5267E-6	
0.545	-4.39528E-6	
0.546	-6.30134E-6	
0.547	-3.869E-6	
0.548	-3.7125E-6	
0.549	-1.5228E-6	
0.55	-1.02015E-5	
0.551	-8.07921E-6	
0.552	-1.95272E-6	
0.553	-2.88867E-6	
0.554	-3.25194E-6	
0.555	-4.2959E-6	
0.556	-4.21195E-6	
0.557	-3.54892E-6	
0.558	-8.62683E-6	
0.559	-1.1404E-6	
0.56	-5.73209E-6	
0.561	-8.83434E-7	
0.562	-2.44951E-6	
0.563	-3.93699E-6	
0.564	-4.20601E-6	
0.565	-3.48514E-6	
0.566	-4.45692E-6	
0.567	-4.55546E-6	
0.568	-7.19473E-6	
0.569	-2.79082E-6	
0.57	-3.34191E-6	
0.571	-7.60851E-6	
0.572	-3.60062E-7	
0.573	-4.09346E-6	
0.574	-3.31423E-6	
0.575	-4.82642E-6	
0.576	-8.22149E-6	
0.577	-2.49179E-6	
0.578	-8.05928E-6	
0.579	-5.44144E-6	
0.58	-4.31809E-6	
0.581	-6.07215E-6	
0.582	-6.18004E-6	
0.583	-3.43352E-6	
0.584	-5.5121E-6	
0.585	1.09979E-6	
0.586	-7.56723E-6	
0.587	-9.06573E-6	
0.588	-3.32546E-6	
0.589	-2.54204E-6	
0.59	-6.19915E-6	
0.591	1.22917E-6	
0.592	-2.45994E-6	
0.593	-5.6369E-6	
0.594	-6.08762E-6	
0.595	-2.70708E-6	
0.596	-2.71652E-6	
0.597	-3.91168E-6	
0.598	-5.75423E-6	
0.599	-5.27659E-6	
0.6	-5.75292E-6	
0.601	-5.0448E-6	
0.602	-6.05932E-6	
0.603	-7.88715E-6	
0.604	-6.67976E-6	
0.605	6.43687E-7	
0.606	-5.50117E-6	
0.607	-2.54985E-6	
0.608	-6.0195E-7	
0.609	-5.79542E-6	
0.61	-7.61911E-6	
0.611	-6.57059E-6	
0.612	-5.70644E-6	
0.613	-8.70599E-6	
0.614	2.62789E-7	
0.615	-1.70048E-6	
0.616	-5.87184E-6	
0.617	-2.42553E-6	
0.618	-3.37767E-6	
0.619	-6.77667E-6	
0.62	-8.55144E-6	
0.621	-4.66661E-6	
0.622	-1.643E-7	
0.623	-7.51921E-6	
0.624	-8.55082E-6	
0.625	-6.273E-6	
0.626	-9.53452E-6	
0.627	-2.40318E-6	
0.628	-2.75353E-6	
0.629	-2.60274E-6	
0.63	-1.11873E-5	
0.631	-3.32723E-6	
0.632	1.4645E-7	
0.633	-3.54427E-6	
0.634	-7.41414E-6	
0.635	-6.32616E-6	
0.636	-9.36626E-6	
0.637	-7.65739E-7	
0.638	-4.00484E-6	
0.639	-3.76098E-6	
0.64	-6.13696E-6	
0.641	-7.64994E-6	
0.642	-5.09957E-6	
0.643	-5.73421E-6	
0.644	-3.29072E-7	
0.645	-5.88994E-6	
0.646	-5.44118E-6	
0.647	-6.64732E-6	
0.648	-7.33193E-6	
0.649	-3.67804E-6	
0.65	-1.03955E-5	
0.651	-4.63463E-6	
0.652	2.08139E-6	
0.653	-7.88958E-6	
0.654	-6.11083E-6	
0.655	-2.65092E-6	
0.656	-2.72981E-6	
0.657	-3.35433E-6	
0.658	-5.69712E-6	
0.659	-4.47166E-6	
0.66	-4.77942E-6	
0.661	-4.69679E-6	
0.662	-5.26659E-6	
0.663	-2.82537E-6	
0.664	-6.37699E-6	
0.665	-2.74093E-6	
0.666	-6.90122E-6	
0.667	-8.04591E-6	
0.668	-8.42726E-6	
0.669	-5.3686E-6	
0.67	-3.57861E-6	
0.671	-1.6257E-6	
0.672	-7.21359E-6	
0.673	-5.85655E-6	
0.674	-1.9622E-6	
0.675	-6.82169E-6	
0.676	-6.8434E-6	
0.677	-2.71091E-6	
0.678	-5.92381E-6	
0.679	-5.65262E-6	
0.68	-3.29003E-6	
0.681	-3.79876E-6	
0.682	-5.33537E-6	
0.683	-4.8189E-6	
0.684	-4.08789E-6	
0.685	-4.91621E-6	
0.686	-6.31712E-6	
0.687	-3.75762E-6	
0.688	-5.1632E-7	
0.689	2.34222E-6	
0.69	-4.40068E-6	
0.691	-7.32806E-6	
0.692	-3.42507E-6	
0.693	-8.06305E-7	
0.694	1.47197E-8	
0.695	-7.32528E-6	
0.696	-3.03615E-6	
0.697	-1.49892E-6	
0.698	-4.52768E-6	
0.699	-7.04876E-6	
0.7	-6.65796E-6	
0.701	-8.10752E-6	
0.702	-7.08065E-6	
0.703	-2.58631E-6	
0.704	-5.25924E-6	
0.705	-4.72396E-6	
0.706	-5.97944E-6	
0.707	-7.9339E-6	
0.708	-6.97896E-6	
0.709	-2.71183E-6	
0.71	-8.46323E-6	
0.711	-9.63799E-6	
0.712	-9.32164E-6	
0.713	-2.00011E-6	
0.714	-6.54954E-6	
0.715	-7.14921E-7	
0.716	-5.49313E-6	
0.717	-8.02923E-6	
0.718	-7.45701E-6	
0.719	-7.81909E-6	
0.72	-1.10372E-6	
0.721	-2.94852E-6	
0.722	-6.40005E-6	
0.723	-5.05121E-6	
0.724	-4.07418E-6	
0.725	-1.74506E-6	
0.726	-4.00001E-6	
0.727	-9.91175E-6	
0.728	-7.97341E-6	
0.729	-7.08985E-6	
0.73	-5.12647E-6	
0.731	8.86196E-7	
0.732	-6.54267E-6	
0.733	-2.31128E-6	
0.734	-2.04224E-6	
0.735	-6.45909E-6	
0.736	-3.98072E-6	
0.737	-1.02051E-6	
0.738	3.53413E-7	
0.739	1.49083E-7	
0.74	-4.71811E-6	
0.741	-5.91634E-7	
0.742	-5.62664E-6	
0.743	-1.66629E-6	
0.744	1.61547E-7	
0.745	-7.16857E-6	
0.746	-9.04803E-6	
0.747	1.77204E-6	
0.748	-1.06756E-6	
0.749	-4.63667E-6	
0.75	-2.5464E-6	
0.751	3.27526E-6	
0.752	-3.03945E-6	
0.753	-5.95267E-6	
0.754	-5.70309E-6	
0.755	1.64924E-6	
0.756	-2.92893E-6	
0.757	-3.1761E-6	
0.758	-5.15289E-7	
0.759	-5.97648E-6	
0.76	2.27004E-6	
0.761	-3.7301E-7	
0.762	-1.87463E-6	
0.763	-3.82522E-6	
0.764	-1.70092E-6	
0.765	-3.49091E-6	
0.766	-5.53878E-6	
0.767	-4.85861E-6	
0.768	-5.00384E-6	
0.769	-7.01647E-6	
0.77	-4.31687E-6	
0.771	-4.26939E-6	
0.772	-7.19916E-6	
0.773	-3.78812E-6	
0.774	-3.78631E-6	
0.775	-5.69625E-6	
0.776	-1.2227E-6	
0.777	-5.15905E-6	
0.778	-5.59224E-6	
0.779	-3.09906E-6	
0.78	-7.02973E-6	
0.781	-6.01671E-6	
0.782	-1.15764E-6	
0.783	-4.59102E-6	
0.784	-2.79637E-6	
0.785	4.20882E-6	
0.786	-4.32063E-6	
0.787	-9.66059E-6	
0.788	-4.99105E-6	
0.789	-5.02443E-6	
0.79	-3.38702E-7	
0.791	-4.28485E-6	
0.792	-7.53666E-6	
0.793	-3.80078E-6	
0.794	-5.97567E-6	
0.795	-2.17981E-6	
0.796	-1.22938E-6	
0.797	-5.22132E-8	
0.798	-4.41698E-7	
0.799	-3.94232E-6	
0.8	-4.37695E-6	
0.801	-6.08683E-6	
0.802	-1.28825E-6	
0.803	-4.70593E-6	
0.804	-6.35881E-6	
0.805	-8.51276E-6	
0.806	-2.69816E-6	
0.807	-4.12014E-6	
0.808	-7.11128E-6	
0.809	-4.87426E-6	
0.81	-8.15851E-7	
0.811	-2.8493E-6	
0.812	-4.07356E-6	
0.813	-5.57037E-6	
0.814	-4.09929E-7	
0.815	-7.58002E-6	
0.816	-2.05742E-6	
0.817	-4.13951E-6	
0.818	-1.1965E-6	
0.819	-4.40779E-6	
0.82	-6.61381E-6	
0.821	-4.24562E-6	
0.822	-6.1547E-6	
0.823	-6.32027E-6	
0.824	-6.41472E-6	
0.825	-3.98448E-6	
0.826	-6.11458E-6	
0.827	-4.65286E-6	
0.828	-5.47621E-6	
0.829	-6.73176E-6	
0.83	-6.51513E-6	
0.831	-6.53222E-6	
0.832	-7.53063E-6	
0.833	-5.92657E-6	
0.834	-3.32782E-6	
0.835	-3.67081E-6	
0.836	-4.15238E-6	
0.837	5.44485E-7	
0.838	-2.03686E-6	
0.839	-7.39012E-6	
0.84	-7.24537E-6	
0.841	-5.48282E-6	
0.842	-4.61531E-6	
0.843	-4.58303E-6	
0.844	-2.11686E-6	
0.845	-3.63716E-6	
0.846	-1.82256E-6	
0.847	-4.12482E-6	
0.848	-1.07786E-6	
0.849	-8.47384E-6	
0.85	-6.89518E-6	
0.851	-5.67116E-6	
0.852	-6.78179E-6	
0.853	-2.10714E-7	
0.854	-6.11419E-6	
0.855	-5.94621E-6	
0.856	-5.20886E-6	
0.857	-6.19601E-6	
0.858	5.06744E-7	
0.859	-6.61378E-6	
0.86	-4.06384E-6	
0.861	-4.92924E-6	
0.862	-3.58353E-6	
0.863	-2.07483E-6	
0.864	-3.71634E-6	
0.865	-5.36042E-6	
0.866	-2.62198E-6	
0.867	-1.7587E-6	
0.868	-3.55708E-6	
0.869	-1.58838E-6	
0.87	-5.14792E-6	
0.871	-6.02261E-6	
0.872	-6.83773E-6	
0.873	-6.87998E-6	
0.874	-7.27642E-6	
0.875	-1.81027E-6	
0.876	-2.59601E-6	
0.877	-8.74426E-6	
0.878	-3.71476E-6	
0.879	-4.56664E-6	
0.88	-9.0987E-6	
0.881	-5.68806E-6	
0.882	-6.06831E-6	
0.883	-2.53441E-6	
0.884	-5.2122E-6	
0.885	-5.03458E-6	
0.886	-1.57085E-6	
0.887	-4.68793E-6	
0.888	-2.55061E-6	
0.889	-3.13728E-6	
0.89	-3.70661E-6	
0.891	2.92484E-6	
0.892	-7.2263E-7	
0.893	-6.22355E-6	
0.894	-6.66539E-6	
0.895	-5.23547E-6	
0.896	-8.59265E-6	
0.897	-6.5673E-6	
0.898	-1.75357E-6	
0.899	-3.66969E-6	
0.9	-1.63349E-6	
0.901	-6.34357E-6	
0.902	-1.32729E-6	
0.903	-2.31126E-6	
0.904	-4.51636E-6	
0.905	-1.06274E-5	
0.906	-6.53697E-6	
0.907	-6.12848E-6	
0.908	-3.48258E-6	
0.909	-2.35329E-6	
0.91	-6.19496E-6	
0.911	-1.95476E-6	
0.912	-5.80393E-6	
0.913	-3.46548E-6	
0.914	-3.88996E-6	
0.915	-6.48942E-6	
0.916	-7.64242E-6	
0.917	-9.82676E-6	
0.918	-5.71143E-6	
0.919	-8.76687E-6	
0.92	-7.43702E-6	
0.921	-4.66443E-6	
0.922	-5.2862E-6	
0.923	-5.97052E-6	
0.924	-5.84342E-6	
0.925	-5.1416E-6	
0.926	-4.26483E-6	
0.927	-9.76152E-6	
0.928	-4.83996E-6	
0.929	-4.11799E-6	
0.93	-3.63783E-6	
0.931	-6.2992E-6	
0.932	-4.52811E-6	
0.933	-5.9704E-7	
0.934	-2.6008E-6	
0.935	1.46493E-6	
0.936	-2.81144E-6	
0.937	-5.88114E-6	
0.938	-5.24011E-6	
0.939	-6.40284E-6	
0.94	-4.66544E-6	
0.941	-6.22722E-6	
0.942	-7.00177E-6	
0.943	-3.24025E-6	
0.944	-5.78869E-6	
0.945	-1.99717E-6	
0.946	-5.26447E-6	
0.947	-8.0581E-6	
0.948	-8.17502E-6	
0.949	-5.49997E-6	
0.95	-5.09017E-6	
0.951	-8.08933E-7	
0.952	-2.01621E-6	
0.953	-3.5691E-6	
0.954	-4.84321E-6	
0.955	-6.82257E-7	
0.956	-7.69532E-6	
0.957	-7.20293E-6	
0.958	-5.10573E-6	
0.959	-2.31481E-6	
0.96	-7.65105E-8	
0.961	-8.06611E-7	
0.962	-5.46875E-7	
0.963	-4.67045E-6	
0.964	-8.64339E-6	
0.965	-3.62968E-6	
0.966	-1.79847E-6	
0.967	-9.26783E-6	
0.968	-7.60764E-6	
0.969	-4.15637E-6	
0.97	-4.33365E-6	
0.971	-4.66072E-6	
0.972	-1.11109E-7	
0.973	-4.07667E-7	
0.974	-5.22709E-6	
0.975	-1.08577E-5	
0.976	-5.67961E-6	
0.977	-3.33282E-6	
0.978	-5.65543E-6	
0.979	-6.25937E-6	
0.98	-4.81191E-6	
0.981	-2.06055E-6	
0.982	3.18245E-7	
0.983	5.44221E-7	
0.984	-5.70905E-6	
0.985	-5.23115E-6	
0.986	3.25851E-7	
0.987	-2.57154E-6	
0.988	-9.71907E-6	
0.989	-4.84269E-6	
0.99	-3.81023E-6	
0.991	-3.95383E-6	
0.992	-2.23444E-6	
0.993	-2.42464E-6	
0.994	-3.18514E-6	
0.995	-3.98583E-6	
0.996	-2.33197E-6	
0.997	-2.51453E-6	
0.998	-4.76413E-6	
0.999	-5.73761E-6	
1	-5.14306E-6	
1.001	-6.87678E-6	
1.002	-5.40172E-6	
1.003	-6.30567E-6	
1.004	-1.38599E-6	
1.005	-4.81348E-6	
1.006	-3.90623E-6	
1.007	-6.40402E-6	
1.008	8.4328E-7	
1.009	-3.74594E-6	
1.01	-7.01903E-6	
1.011	-2.52887E-6	
1.012	-4.24805E-6	
1.013	-4.89802E-6	
1.014	-2.6093E-6	
1.015	-1.33609E-5	
1.016	-7.24781E-6	
1.017	-4.0234E-6	
1.018	-7.0553E-6	
1.019	-4.22926E-6	
1.02	-3.14758E-6	
1.021	-6.80549E-6	
1.022	-7.05524E-6	
1.023	-3.19788E-6	
1.024	-9.65381E-7	
1.025	-5.02363E-6	
1.026	-7.63161E-6	
1.027	-6.73048E-6	
1.028	-6.58321E-6	
1.029	-3.32982E-6	
1.03	-5.31902E-6	
1.031	-7.44552E-6	
1.032	-2.60967E-6	
1.033	-5.87659E-6	
1.034	-3.942E-6	
1.035	-7.74525E-6	
1.036	-1.7947E-6	
1.037	-2.2333E-6	
1.038	-3.56959E-6	
1.039	-3.56717E-6	
1.04	-7.63083E-6	
1.041	-4.74279E-6	
1.042	-2.85738E-6	
1.043	-7.40622E-6	
1.044	-4.7253E-6	
1.045	-4.93501E-6	
1.046	-8.35492E-6	
1.047	-4.06942E-6	
1.048	2.14465E-6	
1.049	2.16493E-7	
1.05	-8.48344E-6	
1.051	-4.78821E-6	
1.052	-6.82712E-6	
1.053	-7.9631E-6	
1.054	-7.1519E-6	
1.055	3.94514E-7	
1.056	-1.32341E-6	
1.057	-5.35093E-6	
1.058	-3.15089E-7	
1.059	-3.11827E-6	
1.06	-3.72495E-6	
1.061	-2.3243E-6	
1.062	-1.01653E-6	
1.063	-9.49443E-6	
1.064	-4.63776E-6	
1.065	2.06879E-6	
1.066	-5.15536E-6	
1.067	-4.41074E-6	
1.068	-7.95571E-6	
1.069	2.00749E-6	
1.07	-4.19497E-7	
1.071	-5.11399E-6	
1.072	-1.44044E-6	
1.073	-6.16352E-6	
1.074	-5.80399E-6	
1.075	-4.45938E-6	
1.076	-5.30381E-6	
1.077	-6.40911E-6	
1.078	-1.00916E-5	
1.079	-6.16404E-6	
1.08	-4.21625E-6	
1.081	-6.96072E-7	
1.082	-3.07854E-6	
1.083	-5.20821E-6	
1.084	-2.70323E-6	
1.085	1.45889E-6	
1.086	-6.58343E-7	
1.087	-8.04466E-6	
1.088	-6.83916E-6	
1.089	-9.69467E-7	
1.09	-8.10993E-7	
1.091	-8.29087E-6	
1.092	-2.88617E-6	
1.093	-3.67232E-6	
1.094	-9.9814E-7	
1.095	-3.31782E-6	
1.096	-3.44867E-6	
1.097	-5.33096E-6	
1.098	-4.57911E-6	
1.099	-9.46416E-6	
1.1	-4.68104E-6	
1.101	-6.81825E-6	
1.102	-4.46626E-6	
1.103	-3.37134E-6	
1.104	-8.49804E-6	
1.105	-5.72732E-6	
1.106	-4.19348E-6	
1.107	-5.50491E-6	
1.108	-3.53143E-6	
1.109	-7.69244E-6	
1.11	-5.42546E-6	
1.111	-6.17751E-6	
1.112	-4.13138E-6	
1.113	-3.74473E-6	
1.114	-8.29724E-6	
1.115	-3.72486E-6	
1.116	-3.9591E-6	
1.117	-6.85762E-6	
1.118	-1.94049E-6	
1.119	-5.78933E-6	
1.12	-6.79026E-6	
1.121	-4.44026E-6	
1.122	-6.53877E-6	
1.123	-7.86566E-6	
1.124	-4.83026E-6	
1.125	-4.78972E-6	
1.126	-8.82676E-6	
1.127	-3.49017E-6	
1.128	-5.12056E-6	
1.129	-6.26792E-6	
1.13	5.06039E-7	
1.131	-5.01871E-6	
1.132	-4.43627E-6	
1.133	-3.66122E-6	
1.134	-4.62985E-6	
1.135	-2.77432E-6	
1.136	-7.90854E-6	
1.137	-4.05714E-6	
1.138	-2.24067E-6	
1.139	-5.51207E-6	
1.14	-5.53641E-7	
1.141	-1.17749E-6	
1.142	-6.69418E-6	
1.143	-6.48216E-6	
1.144	-4.04921E-6	
1.145	-4.35181E-6	
1.146	3.10931E-7	
1.147	-3.05795E-6	
1.148	-1.01882E-5	
1.149	-4.94495E-6	
1.15	-5.52901E-6	
1.151	-4.93242E-6	
1.152	-5.97503E-6	
1.153	-8.45909E-6	
1.154	-8.21213E-6	
1.155	-5.65775E-6	
1.156	-5.83262E-6	
1.157	-5.41288E-6	
1.158	-6.57392E-6	
1.159	-2.11942E-6	
1.16	9.72539E-7	
1.161	-1.58116E-6	
1.162	-8.07013E-7	
1.163	-4.14433E-6	
1.164	-6.57303E-6	
1.165	-1.2311E-6	
1.166	-1.62168E-6	
1.167	-5.35813E-6	
1.168	-1.13387E-5	
1.169	-7.02984E-6	
1.17	-2.64967E-6	
1.171	-8.66575E-6	
1.172	-4.18076E-6	
1.173	-4.95741E-6	
1.174	-1.72062E-6	
1.175	-3.79281E-6	
1.176	-5.15731E-6	
1.177	-4.3531E-6	
1.178	-9.81901E-6	
1.179	-1.83884E-6	
1.18	-3.04505E-6	
1.181	-9.0227E-6	
1.182	-5.53576E-6	
1.183	-1.17815E-6	
1.184	-1.32794E-6	
1.185	-5.08482E-6	
1.186	-6.5555E-6	
1.187	-4.15641E-6	
1.188	-7.47879E-7	
1.189	-5.69412E-6	
1.19	-4.80342E-6	
1.191	-8.10108E-7	
1.192	-2.23774E-6	
1.193	-6.87694E-6	
1.194	-4.12904E-6	
1.195	-2.54552E-6	
1.196	-7.01622E-6	
1.197	-5.25627E-6	
1.198	-4.77645E-6	
1.199	-1.03673E-6	
1.2	-3.13344E-6	
1.201	-7.16887E-6	
1.202	5.9826E-7	
1.203	-2.531E-6	
1.204	-8.42418E-6	
1.205	-5.53744E-6	
1.206	-3.40496E-6	
1.207	-1.19936E-6	
1.208	-4.08392E-6	
1.209	-6.77288E-6	
1.21	-5.65166E-7	
1.211	-6.44466E-6	
1.212	-3.86265E-6	
1.213	-2.98136E-6	
1.214	-1.01725E-5	
1.215	-7.64145E-6	
1.216	-2.70132E-6	
1.217	-5.51367E-6	
1.218	-1.53415E-7	
1.219	-4.10724E-6	
1.22	-3.42317E-6	
1.221	-5.85223E-7	
1.222	-2.42335E-6	
1.223	-6.04933E-6	
1.224	-3.41422E-6	
1.225	-4.32298E-6	
1.226	-7.42868E-6	
1.227	-1.98282E-6	
1.228	-2.29337E-6	
1.229	-4.03775E-6	
1.23	-3.83352E-6	
1.231	-5.93255E-6	
1.232	-2.81599E-6	
1.233	-1.23706E-7	
1.234	-7.18501E-6	
1.235	-1.05279E-5	
1.236	-1.678E-6	
1.237	-6.05595E-6	
1.238	-5.88972E-6	
1.239	-4.83475E-6	
1.24	-3.07414E-6	
1.241	-5.91056E-6	
1.242	2.10881E-6	
1.243	-4.15681E-6	
1.244	-5.75004E-6	
1.245	-3.25605E-6	
1.246	-3.65097E-6	
1.247	-6.41247E-6	
1.248	-2.34536E-6	
1.249	-4.98905E-6	
1.25	-5.86754E-6	
1.251	-3.2931E-6	
1.252	-7.36064E-6	
1.253	-4.66706E-6	
1.254	-6.07789E-6	
1.255	-7.88935E-6	
1.256	-8.73585E-6	
1.257	-8.29178E-6	
1.258	-3.09316E-6	
1.259	-7.76431E-6	
1.26	-2.83175E-6	
1.261	7.81478E-7	
1.262	-4.2922E-7	
1.263	-1.32282E-7	
1.264	-3.19181E-6	
1.265	-4.42266E-6	
1.266	-1.53255E-6	
1.267	-5.0824E-6	
1.268	-5.52743E-6	
1.269	-3.64019E-6	
1.27	-4.26086E-6	
1.271	-5.82935E-6	
1.272	-6.28589E-6	
1.273	-3.48402E-6	
1.274	-1.63301E-6	
1.275	-1.76992E-6	
1.276	-5.35207E-7	
1.277	-5.90428E-6	
1.278	-1.07984E-5	
1.279	-4.59769E-6	
1.28	-2.00888E-6	
1.281	-3.15734E-6	
1.282	-6.60311E-6	
1.283	-5.61759E-6	
1.284	-4.27403E-6	
1.285	-3.44051E-6	
1.286	-1.29346E-6	
1.287	-1.46715E-6	
1.288	-2.34742E-6	
1.289	-4.57803E-7	
1.29	-2.56738E-6	
1.291	-4.76899E-6	
1.292	-6.52136E-6	
1.293	-1.90295E-6	
1.294	-2.69437E-6	
1.295	-5.10903E-6	
1.296	-1.74974E-6	
1.297	-1.93168E-6	
1.298	-4.41119E-6	
1.299	-6.93476E-6	
1.3	-1.23762E-6	
1.301	-5.74728E-6	
1.302	-5.73069E-6	
1.303	-4.70075E-6	
1.304	-6.80241E-6	
1.305	-1.99928E-6	
1.306	-1.53103E-6	
1.307	-6.91115E-6	
1.308	-4.53234E-6	
1.309	1.97342E-6	
1.31	1.38095E-7	
1.311	3.87704E-7	
1.312	8.20346E-7	
1.313	-2.70134E-6	
1.314	-1.41101E-6	
1.315	6.96323E-7	
1.316	-5.02754E-6	
1.317	-5.87411E-6	
1.318	-4.39461E-6	
1.319	-3.47802E-6	
1.32	-8.108E-6	
1.321	-5.68572E-6	
1.322	-5.99671E-6	
1.323	-6.49585E-6	
1.324	7.5913E-7	
1.325	-5.67457E-6	
1.326	-1.10589E-6	
1.327	-1.2838E-6	
1.328	-4.49629E-6	
1.329	-1.3976E-6	
1.33	-1.68169E-6	
1.331	-7.99052E-6	
1.332	-6.54504E-6	
1.333	-6.07711E-6	
1.334	-4.8297E-6	
1.335	-3.73614E-6	
1.336	-3.586E-6	
1.337	-2.17514E-6	
1.338	-7.0209E-6	
1.339	-3.96942E-6	
1.34	-3.9007E-6	
1.341	-1.30191E-6	
1.342	-1.70709E-6	
1.343	-8.89556E-10	
1.344	-7.5697E-6	
1.345	-6.79004E-6	
1.346	-2.88195E-6	
1.347	-3.5001E-6	
1.348	3.30955E-6	
1.349	2.04793E-8	
1.35	-3.30345E-6	
1.351	1.33201E-6	
1.352	-5.99873E-6	
1.353	-1.42375E-6	
1.354	-4.23076E-6	
1.355	-6.31756E-6	
1.356	-7.19504E-6	
1.357	-2.35933E-6	
1.358	-1.6198E-6	
1.359	-4.71393E-6	
1.36	-7.76787E-6	
1.361	-5.24084E-6	
1.362	-9.07504E-7	
1.363	-2.21596E-6	
1.364	-3.02775E-6	
1.365	-3.13528E-6	
1.366	-3.38048E-6	
1.367	-8.42578E-6	
1.368	-4.8786E-6	
1.369	-2.39468E-6	
1.37	1.52756E-7	
1.371	-4.48495E-6	
1.372	-9.24506E-6	
1.373	-1.04013E-5	
1.374	-3.72562E-6	
1.375	-3.62672E-6	
1.376	-8.22365E-7	
1.377	-5.16764E-6	
1.378	-6.46244E-6	
1.379	-5.66325E-6	
1.38	-3.02699E-6	
1.381	-2.82905E-6	
1.382	-5.05163E-6	
1.383	-3.77738E-6	
1.384	-6.48242E-6	
1.385	-5.62543E-6	
1.386	-7.69035E-6	
1.387	-5.95819E-6	
1.388	-6.21985E-6	
1.389	-3.53005E-6	
1.39	-5.54105E-6	
1.391	-1.33468E-6	
1.392	-2.79587E-6	
1.393	-6.84997E-6	
1.394	-7.21789E-6	
1.395	-7.11278E-6	
1.396	-4.20803E-6	
1.397	-6.06E-6	
1.398	-4.47931E-6	
1.399	-2.10517E-6	
1.4	-2.41059E-6	
1.401	-2.49787E-6	
1.402	-4.5951E-6	
1.403	-6.75719E-6	
1.404	-9.16242E-6	
1.405	-1.0324E-5	
1.406	-2.6348E-6	
1.407	-4.47929E-6	
1.408	-8.13192E-6	
1.409	-2.45728E-6	
1.41	-1.75669E-6	
1.411	3.43379E-8	
1.412	-1.95588E-6	
1.413	-3.57677E-6	
1.414	-4.93949E-6	
1.415	-6.22199E-6	
1.416	-2.13496E-6	
1.417	-4.03393E-6	
1.418	-7.83777E-6	
1.419	-5.54545E-6	
1.42	7.56267E-7	
1.421	-4.764E-6	
1.422	-4.11245E-6	
1.423	-5.19196E-6	
1.424	-6.15285E-6	
1.425	-6.30017E-6	
1.426	-8.13748E-6	
1.427	-8.07657E-7	
1.428	-9.00029E-6	
1.429	-4.42807E-6	
1.43	9.30335E-7	
1.431	-1.9985E-6	
1.432	-4.76304E-6	
1.433	-8.89555E-6	
1.434	-7.22462E-6	
1.435	-5.81118E-6	
1.436	-1.34585E-6	
1.437	-7.53246E-6	
1.438	-9.85165E-6	
1.439	-6.62593E-6	
1.44	-6.67612E-6	
1.441	-8.94429E-6	
1.442	-1.20257E-5	
1.443	-6.61425E-6	
1.444	-2.6935E-6	
1.445	-1.38104E-6	
1.446	-6.18499E-6	
1.447	-6.42203E-6	
1.448	-1.40554E-6	
1.449	-3.43523E-6	
1.45	-2.4451E-6	
1.451	-7.71559E-6	
1.452	-6.4471E-6	
1.453	1.41823E-6	
1.454	-2.63213E-6	
1.455	-5.31957E-6	
1.456	-3.45384E-6	
1.457	-6.96817E-6	
1.458	-5.94306E-6	
1.459	6.97098E-7	
1.46	-2.3479E-6	
1.461	-5.72302E-6	
1.462	-7.55509E-6	
1.463	-3.40345E-6	
1.464	-4.89911E-6	
1.465	-4.19953E-6	
1.466	3.11538E-7	
1.467	-5.45156E-6	
1.468	-7.99603E-6	
1.469	-7.59457E-6	
1.47	-6.34501E-6	
1.471	-5.49968E-6	
1.472	-4.78056E-6	
1.473	-2.23681E-6	
1.474	-6.32979E-6	
1.475	-6.96001E-6	
1.476	3.51119E-6	
1.477	-5.01539E-7	
1.478	-3.46358E-6	
1.479	-6.48131E-6	
1.48	-2.90088E-6	
1.481	-6.00661E-6	
1.482	-3.03271E-6	
1.483	-1.2977E-6	
1.484	-4.46962E-6	
1.485	-6.90773E-6	
1.486	-5.98209E-6	
1.487	-5.44009E-6	
1.488	-1.95534E-6	
1.489	-5.0976E-6	
1.49	-7.77874E-6	
1.491	-8.6973E-6	
1.492	-5.06903E-6	
1.493	-5.21386E-6	
1.494	-1.36406E-6	
1.495	-9.4404E-7	
1.496	-6.89164E-6	
1.497	-1.79637E-6	
1.498	5.68092E-7	
1.499	-4.65041E-6	
1.5	-5.42208E-6	
1.501	-8.98005E-6	
1.502	-6.56959E-6	
1.503	-2.95427E-6	
1.504	-4.27191E-6	
1.505	-1.91753E-6	
1.506	-4.50059E-6	
1.507	-4.31894E-6	
1.508	-1.08204E-6	
1.509	-7.94135E-6	
1.51	-3.49121E-6	
1.511	-1.78093E-6	
1.512	-4.97221E-6	
1.513	-2.18098E-6	
1.514	-6.02686E-6	
1.515	-3.31468E-6	
1.516	-5.48772E-6	
1.517	-3.17161E-6	
1.518	-6.01628E-6	
1.519	-4.98096E-6	
1.52	-4.63778E-6	
1.521	-6.00227E-6	
1.522	-3.00409E-6	
1.523	-2.96671E-6	
1.524	-7.39396E-6	
1.525	-6.75164E-6	
1.526	-4.15969E-6	
1.527	-1.34393E-6	
1.528	-7.23913E-6	
1.529	-1.4309E-6	
1.53	-4.05951E-6	
1.531	-6.86434E-6	
1.532	-3.57449E-6	
1.533	-5.90684E-6	
1.534	-4.91193E-6	
1.535	-3.06932E-6	
1.536	-6.39791E-7	
1.537	-4.7011E-6	
1.538	-4.1214E-6	
1.539	-9.90178E-6	
1.54	-1.12445E-6	
1.541	-3.8028E-6	
1.542	-1.0521E-5	
1.543	-8.26772E-7	
1.544	-5.52459E-6	
1.545	-3.4344E-7	
1.546	-2.01241E-7	
1.547	-4.11683E-6	
1.548	-2.78993E-6	
1.549	5.38103E-7	
1.55	-1.47198E-6	
1.551	-1.2822E-6	
1.552	-8.22896E-6	
1.553	-3.39871E-6	
1.554	-6.90872E-6	
1.555	-5.47086E-6	
1.556	-4.82165E-6	
1.557	-8.80338E-6	
1.558	-4.60676E-6	
1.559	-2.98454E-6	
1.56	-4.81543E-6	
1.561	-3.73968E-6	
1.562	8.93718E-7	
1.563	-4.80718E-6	
1.564	-5.7928E-6	
1.565	-4.67769E-6	
1.566	-3.1935E-6	
1.567	1.25558E-6	
1.568	-3.92368E-6	
1.569	-4.74763E-6	
1.57	-8.09578E-6	
1.571	-4.31878E-6	
1.572	-3.36258E-6	
1.573	-3.50452E-6	
1.574	-6.0788E-6	
1.575	-3.4319E-6	
1.576	-4.23669E-6	
1.577	-6.61094E-6	
1.578	-6.94678E-6	
1.579	-2.93104E-7	
1.58	-4.13493E-6	
1.581	-1.95418E-6	
1.582	-2.09286E-6	
1.583	-4.47202E-6	
1.584	4.66962E-7	
1.585	-2.20773E-7	
1.586	-5.39761E-6	
1.587	-4.13081E-6	
1.588	-5.25565E-6	
1.589	-3.84681E-6	
1.59	-7.33471E-6	
1.591	-4.11048E-6	
1.592	-1.8712E-7	
1.593	-3.94733E-6	
1.594	-4.7954E-6	
1.595	-5.49587E-6	
1.596	-6.40576E-7	
1.597	-5.58508E-7	
1.598	-1.55367E-6	
1.599	-3.40113E-6	
1.6	-9.6228E-7	
1.601	-4.41139E-6	
1.602	-2.41899E-6	
1.603	-3.62242E-6	
1.604	-8.62322E-6	
1.605	-9.5668E-6	
1.606	-5.27798E-6	
1.607	-5.45746E-6	
1.608	2.8317E-6	
1.609	-2.09665E-6	
1.61	-5.50224E-6	
1.611	7.73053E-7	
1.612	-2.48526E-6	
1.613	-5.63232E-6	
1.614	-7.11531E-7	
1.615	-2.00709E-6	
1.616	-1.02469E-6	
1.617	-4.50655E-6	
1.618	-7.73784E-6	
1.619	-5.95854E-6	
1.62	-1.73451E-6	
1.621	-1.20604E-6	
1.622	-7.72578E-6	
1.623	-4.8652E-6	
1.624	-3.77799E-6	
1.625	-2.83125E-6	
1.626	-1.67632E-6	
1.627	-7.14186E-6	
1.628	-1.11104E-5	
1.629	-5.68622E-6	
1.63	-5.17078E-6	
1.631	-3.75871E-6	
1.632	-1.78488E-6	
1.633	-3.64542E-6	
1.634	-6.49839E-6	
1.635	-2.33278E-6	
1.636	-3.06594E-6	
1.637	-4.86596E-6	
1.638	-1.40328E-6	
1.639	-6.58953E-6	
1.64	-2.11337E-6	
1.641	-2.76119E-6	
1.642	-8.2431E-6	
1.643	-3.98235E-6	
1.644	-7.04896E-6	
1.645	-4.20009E-6	
1.646	-4.75971E-7	
1.647	-5.69838E-6	
1.648	-3.90255E-6	
1.649	-4.27398E-6	
1.65	-1.80674E-6	
1.651	-8.22264E-6	
1.652	-1.1728E-6	
1.653	-2.21579E-6	
1.654	-1.03825E-5	
1.655	-5.24393E-6	
1.656	-9.17679E-6	
1.657	-2.69849E-6	
1.658	-1.72036E-6	
1.659	-7.55878E-6	
1.66	-4.39488E-6	
1.661	-1.61587E-6	
1.662	-6.64407E-6	
1.663	-6.15743E-6	
1.664	-9.08799E-7	
1.665	-5.54989E-6	
1.666	-7.47493E-6	
1.667	-3.84716E-6	
1.668	-3.6303E-6	
1.669	-6.65296E-6	
1.67	-7.84223E-7	
1.671	-6.46688E-6	
1.672	-4.78656E-6	
1.673	-6.38226E-6	
1.674	-5.17451E-6	
1.675	-3.00365E-6	
1.676	-6.72345E-7	
1.677	-2.99647E-6	
1.678	1.50592E-6	
1.679	-4.51837E-6	
1.68	-1.03232E-5	
1.681	-5.4923E-6	
1.682	-3.0754E-6	
1.683	-2.95418E-6	
1.684	-5.60505E-6	
1.685	-5.63107E-6	
1.686	-1.16404E-6	
1.687	-3.61125E-6	
1.688	-4.76735E-6	
1.689	-8.68312E-6	
1.69	-5.69066E-6	
1.691	-5.09006E-6	
1.692	-4.14605E-6	
1.693	-4.17234E-6	
1.694	-5.01054E-6	
1.695	-2.09824E-6	
1.696	-4.17855E-6	
1.697	-3.61484E-6	
1.698	-3.59983E-6	
1.699	-7.84562E-6	
1.7	-8.13344E-6	
1.701	-3.86533E-6	
1.702	-6.8268E-6	
1.703	-1.7943E-7	
1.704	-5.43154E-6	
1.705	-6.09647E-6	
1.706	-9.50613E-7	
1.707	-4.15688E-6	
1.708	-5.19096E-6	
1.709	-1.41229E-6	
1.71	-1.17211E-6	
1.711	-7.31563E-6	
1.712	-6.0942E-6	
1.713	-6.54513E-6	
1.714	-4.3189E-6	
1.715	-7.32916E-6	
1.716	-5.98895E-6	
1.717	-5.03898E-6	
1.718	-5.64413E-6	
1.719	-3.15485E-6	
1.72	-7.26124E-6	
1.721	-9.9424E-6	
1.722	-8.82806E-6	
1.723	-2.45537E-6	
1.724	-7.08329E-6	
1.725	-5.98834E-6	
1.726	-2.69937E-6	
1.727	-8.60306E-6	
1.728	-3.09258E-6	
1.729	-3.15262E-6	
1.73	-2.60508E-6	
1.731	-2.03785E-6	
1.732	-5.72566E-6	
1.733	-4.19288E-6	
1.734	-6.28101E-6	
1.735	-1.46306E-5	
1.736	-5.2438E-6	
1.737	-4.64448E-6	
1.738	-4.83922E-6	
1.739	-6.2538E-6	
1.74	-1.3063E-6	
1.741	-2.87769E-6	
1.742	-7.0775E-6	
1.743	-5.92662E-6	
1.744	-5.43979E-6	
1.745	-5.66448E-6	
1.746	-5.94194E-6	
1.747	-1.24727E-6	
1.748	-2.85588E-6	
1.749	-2.19071E-6	
1.75	-2.35164E-6	
1.751	-6.15942E-6	
1.752	-9.0615E-6	
1.753	-5.21116E-6	
1.754	-5.74221E-6	
1.755	-5.1595E-6	
1.756	-5.11409E-6	
1.757	-8.11318E-6	
1.758	-4.98996E-6	
1.759	-7.63791E-6	
1.76	-6.29867E-6	
1.761	-5.52132E-6	
1.762	-5.56662E-6	
1.763	-3.61945E-6	
1.764	-4.83903E-6	
1.765	-3.90157E-6	
1.766	-4.85978E-6	
1.767	-8.06568E-6	
1.768	-5.31874E-6	
1.769	-8.33574E-6	
1.77	-4.45249E-6	
1.771	-7.04093E-6	
1.772	-2.00347E-6	
1.773	-8.57615E-6	
1.774	-4.22621E-6	
1.775	-5.87962E-6	
1.776	-4.53998E-6	
1.777	-5.46108E-6	
1.778	-4.2486E-6	
1.779	-9.56058E-6	
1.78	-5.9855E-6	
1.781	-1.35728E-6	
1.782	-2.91961E-6	
1.783	-6.0393E-6	
1.784	-2.64192E-6	
1.785	-4.45482E-6	
1.786	-7.25719E-6	
1.787	-7.70929E-6	
1.788	-2.6891E-6	
1.789	-4.42513E-6	
1.79	-7.51436E-6	
1.791	-5.07614E-6	
1.792	-4.11266E-6	
1.793	3.24269E-7	
1.794	-1.06642E-5	
1.795	-3.62346E-6	
1.796	-3.7512E-6	
1.797	-7.6518E-6	
1.798	-5.63987E-6	
1.799	-7.12117E-6	
1.8	-3.08984E-6	
1.801	-2.31093E-6	
1.802	1.46047E-6	
1.803	-3.05766E-6	
1.804	-2.7242E-6	
1.805	-5.60655E-6	
1.806	-4.47185E-6	
1.807	-7.12866E-6	
1.808	-6.72158E-6	
1.809	-6.68782E-6	
1.81	-8.02248E-6	
1.811	-5.18071E-6	
1.812	-1.3584E-6	
1.813	-1.69836E-6	
1.814	-7.20459E-6	
1.815	-4.94678E-6	
1.816	-4.98498E-6	
1.817	-5.23982E-6	
1.818	-5.93891E-6	
1.819	-3.95582E-6	
1.82	-2.46041E-6	
1.821	-5.30427E-6	
1.822	7.05448E-7	
1.823	-7.30821E-6	
1.824	-2.2174E-6	
1.825	-1.10857E-6	
1.826	-5.18498E-6	
1.827	-5.1804E-6	
1.828	-2.71653E-6	
1.829	6.08068E-7	
1.83	-4.32267E-6	
1.831	-1.58885E-6	
1.832	-6.33359E-6	
1.833	-7.06097E-6	
1.834	-7.87158E-6	
1.835	-2.20669E-8	
1.836	-5.0167E-6	
1.837	-2.84989E-7	
1.838	-3.73957E-6	
1.839	-3.15467E-6	
1.84	-7.56142E-6	
1.841	-3.50719E-6	
1.842	-4.79031E-6	
1.843	-4.25257E-6	
1.844	-6.99926E-6	
1.845	-4.24201E-6	
1.846	-7.34317E-6	
1.847	-5.8333E-6	
1.848	-1.60332E-6	
1.849	-3.19162E-6	
1.85	-7.26076E-6	
1.851	-7.20362E-6	
1.852	-5.16746E-6	
1.853	-4.20655E-6	
1.854	-5.40342E-6	
1.855	-5.8345E-6	
1.856	-7.03442E-6	
1.857	-6.01983E-6	
1.858	3.6915E-7	
1.859	-6.34194E-6	
1.86	-6.53419E-6	
1.861	-3.97918E-6	
1.862	1.02386E-6	
1.863	-5.95668E-6	
1.864	-4.15231E-6	
1.865	-8.66943E-6	
1.866	-1.96285E-6	
1.867	-5.94626E-6	
1.868	-7.82706E-6	
1.869	-4.79879E-6	
1.87	1.62088E-6	
1.871	-8.75182E-7	
1.872	-2.39495E-6	
1.873	-3.64056E-6	
1.874	-5.90658E-6	
1.875	-4.78019E-6	
1.876	-2.20276E-6	
1.877	-2.12628E-6	
1.878	-7.44727E-7	
1.879	-5.40801E-6	
1.88	-3.94573E-6	
1.881	-2.57586E-6	
1.882	-3.55914E-6	
1.883	-9.52084E-6	
1.884	-9.64619E-6	
1.885	-4.76219E-6	
1.886	-5.45776E-6	
1.887	-6.24264E-6	
1.888	-3.52446E-6	
1.889	-4.83838E-6	
1.89	-6.75726E-6	
1.891	-6.32294E-6	
1.892	-7.53824E-6	
1.893	-4.38313E-6	
1.894	-1.97444E-6	
1.895	-4.33365E-6	
1.896	-1.01851E-5	
1.897	-6.20249E-7	
1.898	-5.34848E-6	
1.899	-9.597E-6	
1.9	-4.26478E-6	
1.901	-2.3388E-6	
1.902	-5.5935E-6	
1.903	-9.296E-6	
1.904	-2.8052E-6	
1.905	-3.49445E-6	
1.906	-9.14742E-7	
1.907	-2.67484E-6	
1.908	-3.08577E-6	
1.909	-7.74699E-6	
1.91	-8.92488E-6	
1.911	-2.18071E-6	
1.912	-4.42406E-6	
1.913	-8.52556E-7	
1.914	-4.1448E-6	
1.915	-2.29916E-6	
1.916	-5.31042E-6	
1.917	-7.23222E-6	
1.918	-2.00702E-6	
1.919	-2.50616E-6	
1.92	-6.22656E-6	
1.921	-9.30973E-7	
1.922	-3.38102E-6	
1.923	2.8998E-7	
1.924	-3.2893E-6	
1.925	-7.24041E-6	
1.926	-4.35712E-6	
1.927	-3.52915E-6	
1.928	-4.85118E-6	
1.929	-3.28937E-6	
1.93	-5.58768E-6	
1.931	-3.50517E-6	
1.932	-3.17944E-6	
1.933	-2.20014E-6	
1.934	-6.92349E-6	
1.935	-4.88123E-6	
1.936	4.74071E-7	
1.937	-5.20149E-6	
1.938	-2.98568E-6	
1.939	-5.78469E-6	
1.94	-2.26517E-6	
1.941	-4.23812E-6	
1.942	-5.41687E-6	
1.943	-8.38361E-6	
1.944	-6.06273E-6	
1.945	-4.64096E-6	
1.946	-6.86522E-6	
1.947	-5.90132E-6	
1.948	-3.61748E-6	
1.949	-4.26298E-6	
1.95	-5.70398E-6	
1.951	-3.49809E-6	
1.952	-3.61877E-6	
1.953	-4.10561E-6	
1.954	-6.06571E-6	
1.955	-2.84744E-6	
1.956	-6.33791E-6	
1.957	-7.43945E-6	
1.958	-3.0542E-6	
1.959	-1.54864E-6	
1.96	-4.76745E-6	
1.961	-5.8304E-6	
1.962	-3.27441E-6	
1.963	-9.60733E-6	
1.964	-3.385E-6	
1.965	-4.46307E-6	
1.966	-8.83393E-6	
1.967	-7.28115E-6	
1.968	-4.70568E-6	
1.969	-7.5159E-6	
1.97	-5.56615E-6	
1.971	-7.72638E-6	
1.972	-4.40247E-6	
1.973	-5.66254E-6	
1.974	-4.56992E-6	
1.975	-3.22672E-6	
1.976	-1.64558E-6	
1.977	-9.51947E-6	
1.978	-6.39094E-6	
1.979	-3.06606E-6	
1.98	-2.31874E-6	
1.981	-4.38542E-6	
1.982	-6.2892E-7	
1.983	-4.0325E-6	
1.984	-3.94256E-6	
1.985	-1.02709E-6	
1.986	1.19742E-6	
1.987	-3.12462E-7	
1.988	-2.50975E-6	
1.989	9.57667E-7	
1.99	-4.24617E-6	
1.991	-5.23635E-6	
1.992	-3.41953E-6	
1.993	-7.20298E-6	
1.994	-5.95323E-6	
1.995	-5.96645E-6	
1.996	-2.64857E-6	
1.997	-2.07293E-6	
1.998	-4.17053E-6	
1.999	-4.19852E-6	
2	-4.3473E-6	
2.001	-2.24817E-6	
2.002	-6.50969E-6	
2.003	-1.90895E-6	
2.004	-1.49086E-6	
2.005	-5.50259E-6	
2.006	-2.54834E-6	
2.007	-3.8371E-6	
2.008	-1.99678E-6	
2.009	-3.31092E-6	
2.01	7.00792E-7	
2.011	-4.74502E-6	
2.012	-8.30166E-6	
2.013	-5.2131E-6	
2.014	-3.37315E-6	
2.015	-4.00394E-6	
2.016	-4.566E-6	
2.017	-4.70838E-6	
2.018	-1.84055E-6	
2.019	-1.03638E-5	
2.02	-8.36629E-6	
2.021	-3.17024E-6	
2.022	-5.36188E-6	
2.023	-4.23533E-6	
2.024	-7.77448E-6	
2.025	-3.55046E-6	
2.026	-2.32622E-6	
2.027	-1.89513E-6	
2.028	-1.72075E-6	
2.029	-7.02583E-6	
2.03	-6.80985E-6	
2.031	-7.51389E-6	
2.032	1.87024E-6	
2.033	-3.55583E-6	
2.034	-6.72509E-6	
2.035	-6.57175E-6	
2.036	-7.17189E-6	
2.037	-7.18538E-6	
2.038	-2.37848E-6	
2.039	-3.89948E-6	
2.04	-4.92923E-6	
2.041	-7.78463E-6	
2.042	-6.71452E-6	
2.043	-5.79043E-6	
2.044	-3.54857E-6	
2.045	-7.22599E-7	
2.046	-3.21231E-6	
2.047	-5.16046E-6	
2.048	-3.87792E-6	
2.049	-3.81516E-6	
2.05	-6.33934E-6	
2.051	-1.16967E-5	
2.052	-3.82708E-6	
2.053	-6.49211E-7	
2.054	-1.97166E-6	
2.055	-6.90693E-6	
2.056	-7.17587E-6	
2.057	-5.45768E-6	
2.058	-5.1122E-6	
2.059	-6.69452E-6	
2.06	-2.41904E-6	
2.061	4.09681E-6	
2.062	2.0076E-6	
2.063	-4.41683E-6	
2.064	-4.79358E-6	
2.065	-4.45858E-6	
2.066	-2.47802E-6	
2.067	-4.06688E-6	
2.068	-7.17351E-6	
2.069	-7.09622E-6	
2.07	-6.41427E-6	
2.071	-2.65331E-6	
2.072	-4.23661E-6	
2.073	-1.5948E-6	
2.074	-6.90255E-6	
2.075	-7.07009E-6	
2.076	-8.62557E-6	
2.077	-2.96456E-6	
2.078	-1.29978E-6	
2.079	-9.18694E-6	
2.08	-6.18264E-6	
2.081	-6.74389E-6	
2.082	-3.28293E-6	
2.083	4.09806E-7	
2.084	-4.87603E-6	
2.085	-3.87096E-6	
2.086	-4.35762E-6	
2.087	-2.3154E-6	
2.088	-6.10202E-6	
2.089	-1.95837E-6	
2.09	-4.31473E-6	
2.091	-5.51619E-6	
2.092	-3.74275E-6	
2.093	-5.00504E-6	
2.094	-1.77897E-6	
2.095	-4.80228E-6	
2.096	-8.64209E-6	
2.097	-4.23118E-6	
2.098	-1.75324E-6	
2.099	-3.69211E-6	
2.1	-5.39971E-6	
2.101	-1.72708E-6	
2.102	-1.7572E-6	
2.103	-6.7838E-6	
2.104	-4.7488E-6	
2.105	-3.68442E-6	
2.106	-6.09348E-6	
2.107	-6.83204E-6	
2.108	3.08704E-7	
2.109	-3.9466E-6	
2.11	-1.07119E-6	
2.111	-5.19475E-6	
2.112	-7.17555E-6	
2.113	-5.63785E-7	
2.114	-3.15488E-6	
2.115	-6.90535E-6	
2.116	-8.35367E-6	
2.117	-1.73429E-6	
2.118	-7.72749E-6	
2.119	-5.24448E-6	
2.12	-5.65938E-6	
2.121	-4.00852E-6	
2.122	-6.27812E-6	
2.123	-5.90109E-6	
2.124	-2.65228E-6	
2.125	-4.28922E-6	
2.126	-7.18951E-6	
2.127	-5.05653E-6	
2.128	-7.92939E-6	
2.129	-9.17798E-6	
2.13	-6.28194E-6	
2.131	-6.10743E-6	
2.132	-2.08398E-6	
2.133	-2.00493E-6	
2.134	-4.40023E-6	
2.135	-7.06065E-6	
2.136	-5.41713E-6	
2.137	-4.8589E-6	
2.138	1.30209E-7	
2.139	2.48154E-6	
2.14	-4.8788E-7	
2.141	-4.19299E-6	
2.142	-6.88681E-6	
2.143	-8.41643E-6	
2.144	-1.86533E-6	
2.145	2.06862E-6	
2.146	-5.38745E-6	
2.147	-6.12266E-6	
2.148	-3.73883E-6	
2.149	-7.62193E-6	
2.15	-5.78361E-6	
2.151	-7.16555E-6	
2.152	-4.04079E-6	
2.153	-6.57521E-6	
2.154	-8.99099E-6	
2.155	-8.31943E-6	
2.156	-3.23151E-6	
2.157	6.26613E-7	
2.158	-2.41116E-6	
2.159	-5.44788E-6	
2.16	-2.03285E-6	
2.161	-4.4709E-6	
2.162	-7.44707E-6	
2.163	-9.01464E-6	
2.164	-4.78575E-6	
2.165	-4.42358E-6	
2.166	-2.18097E-6	
2.167	-4.46119E-6	
2.168	-3.97246E-6	
2.169	-3.37246E-6	
2.17	-8.84046E-7	
2.171	-3.70073E-6	
2.172	-7.72977E-6	
2.173	-5.96178E-6	
2.174	-4.63324E-6	
2.175	-3.97259E-6	
2.176	3.33526E-6	
2.177	-2.05939E-6	
2.178	-2.67137E-6	
2.179	-4.41915E-6	
2.18	-2.98516E-6	
2.181	-6.81023E-6	
2.182	-1.33208E-6	
2.183	-1.40718E-6	
2.184	-6.98102E-6	
2.185	-6.89671E-6	
2.186	-6.79064E-6	
2.187	-2.97069E-6	
2.188	-4.27147E-6	
2.189	-4.00279E-6	
2.19	-3.97441E-6	
2.191	-5.9369E-6	
2.192	-3.88312E-6	
2.193	-5.45467E-6	
2.194	-4.32948E-6	
2.195	-4.45853E-6	
2.196	-1.94399E-6	
2.197	-4.17074E-7	
2.198	-2.88559E-6	
2.199	-3.91102E-6	
2.2	-4.09267E-6	
2.201	-3.44302E-6	
2.202	-1.09124E-5	
2.203	-6.9741E-6	
2.204	-6.36726E-6	
2.205	-1.00718E-6	
2.206	-4.90037E-6	
2.207	-2.46697E-6	
2.208	-8.58365E-6	
2.209	-6.73133E-6	
2.21	-8.35306E-6	
2.211	-9.76863E-6	
2.212	-3.86958E-6	
2.213	-5.59032E-6	
2.214	-3.61466E-6	
2.215	-2.97953E-6	
2.216	-1.05088E-5	
2.217	-2.94193E-6	
2.218	-6.87193E-6	
2.219	-8.60365E-6	
2.22	-5.10854E-6	
2.221	-2.57229E-6	
2.222	-4.18171E-6	
2.223	-3.53921E-6	
2.224	-1.71763E-7	
2.225	-3.37855E-6	
2.226	-1.29621E-6	
2.227	-6.41096E-6	
2.228	-1.01848E-5	
2.229	-2.35581E-6	
2.23	5.91735E-7	
2.231	-2.64188E-6	
2.232	-3.05732E-6	
2.233	-4.46766E-7	
2.234	-6.13166E-6	
2.235	-2.71297E-6	
2.236	-1.7102E-6	
2.237	-3.1664E-6	
2.238	-5.94346E-6	
2.239	-6.65061E-6	
2.24	-3.80036E-6	
2.241	-5.76055E-6	
2.242	-6.18404E-7	
2.243	-7.31465E-6	
2.244	-1.1268E-5	
2.245	-6.6759E-6	
2.246	-6.59039E-6	
2.247	-5.11587E-6	
2.248	-5.56479E-6	
2.249	-1.23742E-6	
2.25	-4.73459E-6	
2.251	-4.15248E-6	
2.252	-1.44555E-6	
2.253	-8.2758E-6	
2.254	-6.75365E-6	
2.255	-5.3589E-6	
2.256	-5.19505E-6	
2.257	-3.78847E-6	
2.258	-6.23015E-6	
2.259	-4.23505E-6	
2.26	-8.23103E-6	
2.261	-6.1468E-6	
2.262	-2.63731E-6	
2.263	-4.68715E-6	
2.264	-5.70568E-6	
2.265	-4.2698E-6	
2.266	-2.12262E-6	
2.267	-1.55609E-6	
2.268	-6.16839E-6	
2.269	-3.68735E-6	
2.27	-4.83259E-6	
2.271	-9.06005E-6	
2.272	-5.26737E-6	
2.273	-3.74629E-6	
2.274	-9.54658E-6	
2.275	-1.02336E-6	
2.276	-2.36763E-6	
2.277	-2.99401E-6	
2.278	-1.1381E-6	
2.279	-1.68388E-6	
2.28	-4.15981E-6	
2.281	-1.90033E-7	
2.282	-3.21814E-6	
2.283	-6.33092E-6	
2.284	-4.60454E-6	
2.285	-1.14696E-6	
2.286	-2.37166E-6	
2.287	-2.60461E-6	
2.288	-4.38573E-6	
2.289	-3.59639E-6	
2.29	-2.80089E-6	
2.291	-3.28701E-6	
2.292	-4.16887E-6	
2.293	-7.11018E-6	
2.294	-9.49083E-6	
2.295	-6.57067E-6	
2.296	-6.68021E-6	
2.297	-4.83153E-6	
2.298	-3.37179E-6	
2.299	-3.55971E-6	
2.3	-4.70776E-6	
2.301	-5.26733E-6	
2.302	-1.56427E-7	
2.303	-7.70379E-6	
2.304	-2.42783E-6	
2.305	-4.66133E-6	
2.306	-4.38362E-6	
2.307	-3.35429E-6	
2.308	-9.14411E-7	
2.309	-2.08102E-6	
2.31	-2.86627E-6	
2.311	-5.90177E-6	
2.312	-9.59138E-6	
2.313	-4.15942E-6	
2.314	-2.22764E-6	
2.315	-6.25466E-6	
2.316	-5.85479E-6	
2.317	-1.25248E-7	
2.318	-6.16879E-7	
2.319	-4.15702E-6	
2.32	-5.42178E-6	
2.321	-6.61112E-6	
2.322	-6.93186E-6	
2.323	-6.21148E-6	
2.324	-2.78784E-6	
2.325	-7.10995E-6	
2.326	-5.94641E-6	
2.327	-4.10071E-6	
2.328	-4.11596E-6	
2.329	-3.03771E-6	
2.33	3.74661E-10	
2.331	-4.5199E-6	
2.332	-7.59251E-6	
2.333	-3.08251E-6	
2.334	-2.59249E-6	
2.335	-3.99333E-6	
2.336	-7.48438E-7	
2.337	-2.16709E-6	
2.338	-6.8978E-6	
2.339	-6.58316E-6	
2.34	-6.48259E-6	
2.341	-2.14358E-6	
2.342	-5.92358E-6	
2.343	-6.63601E-6	
2.344	-3.50159E-6	
2.345	-3.15293E-6	
2.346	-1.8125E-6	
2.347	-4.48005E-6	
2.348	-7.24062E-6	
2.349	-7.03977E-6	
2.35	-9.41358E-6	
2.351	-8.73336E-6	
2.352	-8.75731E-6	
2.353	-6.3886E-6	
2.354	-1.50251E-6	
2.355	-5.11917E-6	
2.356	-4.40029E-6	
2.357	-2.40698E-6	
2.358	-5.50179E-6	
2.359	-1.33583E-6	
2.36	-1.75787E-6	
2.361	-3.0343E-6	
2.362	-1.70701E-6	
2.363	-3.09775E-6	
2.364	-4.7727E-6	
2.365	-5.45064E-6	
2.366	-8.39242E-6	
2.367	-2.54977E-6	
2.368	-5.01396E-6	
2.369	-3.46106E-6	
2.37	-1.4659E-6	
2.371	-3.05313E-6	
2.372	-8.63742E-6	
2.373	-6.86733E-6	
2.374	-4.69801E-6	
2.375	-7.84254E-6	
2.376	-9.65576E-6	
2.377	-4.69179E-6	
2.378	-5.21591E-6	
2.379	1.14304E-6	
2.38	-1.07963E-6	
2.381	-3.41715E-7	
2.382	-2.06372E-6	
2.383	-8.04711E-6	
2.384	-8.42307E-6	
2.385	-6.70271E-6	
2.386	-7.38107E-6	
2.387	-3.73061E-6	
2.388	-3.80927E-6	
2.389	-5.06246E-6	
2.39	-2.13858E-6	
2.391	-5.1063E-6	
2.392	-1.18114E-6	
2.393	-6.06011E-6	
2.394	-5.74743E-6	
2.395	-6.32946E-7	
2.396	-2.58758E-6	
2.397	-9.21678E-7	
2.398	-4.08196E-6	
2.399	-2.22091E-6	
2.4	-3.91707E-6	
2.401	-4.74939E-6	
2.402	1.95407E-6	
2.403	4.88919E-7	
2.404	-1.09801E-5	
2.405	-5.93447E-6	
2.406	-7.28103E-6	
2.407	-2.99281E-6	
2.408	-2.2139E-6	
2.409	-4.83937E-6	
2.41	-4.51385E-6	
2.411	-7.72794E-6	
2.412	-4.79579E-6	
2.413	-4.6162E-6	
2.414	-4.71E-6	
2.415	-2.01783E-7	
2.416	2.20332E-6	
2.417	-6.808E-6	
2.418	-3.23995E-6	
2.419	-6.76435E-6	
2.42	-5.87901E-6	
2.421	-4.4157E-6	
2.422	-2.69887E-6	
2.423	-3.87567E-6	
2.424	-2.74085E-6	
2.425	5.44781E-7	
2.426	-4.10866E-6	
2.427	-3.62466E-6	
2.428	-1.51074E-6	
2.429	-4.97813E-6	
2.43	-6.86674E-6	
2.431	-2.72842E-6	
2.432	-3.34294E-6	
2.433	-4.54978E-6	
2.434	-1.50028E-6	
2.435	-1.98908E-6	
2.436	-6.57621E-6	
2.437	-2.3182E-6	
2.438	-3.16334E-6	
2.439	-3.34275E-6	
2.44	-3.78748E-6	
2.441	-2.63565E-6	
2.442	-7.78684E-6	
2.443	-8.68962E-6	
2.444	-2.30716E-6	
2.445	-7.13907E-6	
2.446	-3.72499E-6	
2.447	-7.44014E-6	
2.448	-5.0428E-6	
2.449	-3.31569E-6	
2.45	-5.59503E-6	
2.451	-7.96628E-6	
2.452	-3.26419E-6	
2.453	-5.27081E-6	
2.454	-5.11943E-6	
2.455	-8.41717E-6	
2.456	-7.12163E-6	
2.457	-3.61015E-6	
2.458	-8.11856E-6	
2.459	-8.01193E-6	
2.46	-5.89171E-6	
2.461	-2.37713E-6	
2.462	-4.35216E-6	
2.463	-5.80929E-6	
2.464	-3.93621E-6	
2.465	-1.4971E-6	
2.466	-1.49114E-6	
2.467	-9.20069E-6	
2.468	-6.75065E-6	
2.469	-1.09036E-6	
2.47	-2.83019E-6	
2.471	-1.5618E-6	
2.472	-4.54296E-6	
2.473	-8.01413E-6	
2.474	-3.96715E-6	
2.475	-6.1586E-6	
2.476	-6.49802E-6	
2.477	-6.78064E-6	
2.478	-8.14328E-6	
2.479	-2.58557E-6	
2.48	-2.98396E-6	
2.481	-1.61163E-7	
2.482	-2.0374E-6	
2.483	2.76274E-6	
2.484	-4.57076E-6	
2.485	-7.92025E-6	
2.486	-4.40377E-6	
2.487	-4.3778E-6	
2.488	-3.44371E-7	
2.489	8.87829E-7	
2.49	-1.92204E-6	
2.491	-6.65193E-6	
2.492	-2.07601E-6	
2.493	-6.39345E-6	
2.494	-5.32655E-6	
2.495	-5.62215E-6	
2.496	-3.27444E-6	
2.497	-6.5989E-6	
2.498	-6.63959E-7	
2.499	-6.96617E-6	
2.5	-4.11316E-6	
2.501	6.37713E-7	
2.502	-2.2718E-6	
2.503	-6.71502E-7	
2.504	-8.40766E-7	
2.505	-5.74344E-6	
2.506	-6.12839E-6	
2.507	-3.74749E-6	
2.508	-4.0332E-6	
2.509	-3.22589E-6	
2.51	-1.11108E-6	
2.511	-4.05456E-6	
2.512	1.39812E-8	
2.513	-3.89725E-6	
2.514	-3.06669E-6	
2.515	-6.5169E-6	
2.516	-6.20876E-6	
2.517	-7.87703E-6	
2.518	-5.56006E-6	
2.519	-7.02869E-6	
2.52	-1.44823E-6	
2.521	-2.98906E-7	
2.522	-2.28132E-6	
2.523	-1.87223E-6	
2.524	-6.45129E-6	
2.525	-6.76255E-6	
2.526	-2.12848E-6	
2.527	-3.95156E-6	
2.528	-1.2489E-6	
2.529	-2.10355E-6	
2.53	-2.64697E-6	
2.531	-7.30304E-6	
2.532	1.60536E-8	
2.533	-2.57126E-6	
2.534	-1.01856E-5	
2.535	-2.09711E-6	
2.536	-3.16933E-6	
2.537	-6.94667E-6	
2.538	-3.70382E-6	
2.539	-7.26905E-6	
2.54	-3.00119E-6	
2.541	-3.76292E-6	
2.542	-7.01938E-6	
2.543	-7.65903E-6	
2.544	-4.33634E-6	
2.545	-3.35164E-6	
2.546	-2.37422E-6	
2.547	-8.35126E-6	
2.548	-5.7605E-6	
2.549	-3.63664E-6	
2.55	-5.85249E-6	
2.551	-6.36229E-6	
2.552	-2.49398E-6	
2.553	-4.55017E-6	
2.554	-8.41929E-7	
2.555	-7.79158E-6	
2.556	-1.11124E-5	
2.557	-3.67787E-6	
2.558	-7.33634E-6	
2.559	-3.10498E-6	
2.56	-4.22248E-6	
2.561	-5.37543E-6	
2.562	-3.17111E-6	
2.563	-4.01256E-6	
2.564	-4.86661E-6	
2.565	-1.0313E-5	
2.566	-1.29834E-5	
2.567	-9.68709E-6	
2.568	-3.12262E-6	
2.569	-8.19804E-6	
2.57	-7.64421E-6	
2.571	-4.37927E-6	
2.572	-3.77604E-6	
2.573	7.50508E-7	
2.574	-3.79757E-7	
2.575	-6.20975E-6	
2.576	-6.71724E-6	
2.577	-5.84562E-6	
2.578	-7.14088E-6	
2.579	-3.68286E-6	
2.58	-6.22185E-6	
2.581	-2.63476E-6	
2.582	-5.95945E-6	
2.583	-2.58199E-6	
2.584	-3.82472E-6	
2.585	-4.48253E-6	
2.586	-2.59016E-6	
2.587	-2.88822E-6	
2.588	-2.6467E-6	
2.589	-2.53268E-6	
2.59	-4.50003E-6	
2.591	-8.408E-6	
2.592	1.6042E-6	
2.593	-5.91952E-6	
2.594	-3.96895E-6	
2.595	-2.18703E-6	
2.596	-1.51514E-6	
2.597	-3.52694E-6	
2.598	-1.90719E-6	
2.599	-4.88453E-6	
2.6	-6.08254E-6	
2.601	-3.51375E-6	
2.602	-1.11865E-6	
2.603	-5.06758E-6	
2.604	-5.36208E-6	
2.605	-3.95066E-6	
2.606	-1.22177E-6	
2.607	-2.76652E-6	
2.608	-3.9069E-6	
2.609	-9.54652E-7	
2.61	-2.89978E-6	
2.611	-2.36006E-6	
2.612	-7.18261E-6	
2.613	-4.85489E-6	
2.614	-1.74884E-6	
2.615	-4.34072E-6	
2.616	-6.02519E-6	
2.617	-5.30684E-6	
2.618	-3.45258E-6	
2.619	-6.14496E-6	
2.62	-7.41452E-6	
2.621	-1.68578E-6	
2.622	-3.72113E-6	
2.623	-3.13559E-6	
2.624	-4.64082E-6	
2.625	-5.18604E-6	
2.626	-9.65648E-6	
2.627	-4.76517E-6	
2.628	-2.34212E-6	
2.629	-7.62769E-6	
2.63	-3.73751E-6	
2.631	-3.6542E-6	
2.632	-6.14372E-6	
2.633	-4.96896E-6	
2.634	-7.27105E-6	
2.635	-4.56284E-6	
2.636	-1.14047E-6	
2.637	-2.71054E-6	
2.638	-2.22237E-6	
2.639	-7.00665E-7	
2.64	-5.22806E-6	
2.641	-6.65761E-6	
2.642	-9.38989E-6	
2.643	-7.08934E-6	
2.644	-1.85001E-6	
2.645	-3.5216E-6	
2.646	-2.74848E-6	
2.647	-1.86556E-6	
2.648	-1.92183E-6	
2.649	-4.69109E-6	
2.65	-6.38372E-6	
2.651	-1.55002E-6	
2.652	1.05E-6	
2.653	-6.0277E-7	
2.654	-5.00075E-6	
2.655	-7.89757E-6	
2.656	-3.3633E-6	
2.657	-4.72714E-6	
2.658	-8.79973E-6	
2.659	1.22614E-6	
2.66	-2.19379E-6	
2.661	-5.87478E-6	
2.662	-1.31328E-6	
2.663	-3.91125E-6	
2.664	-6.08027E-6	
2.665	-9.19025E-6	
2.666	-1.92758E-6	
2.667	-1.72452E-6	
2.668	-6.67274E-6	
2.669	-7.51869E-6	
2.67	-6.23043E-6	
2.671	-8.74583E-7	
2.672	-3.32723E-6	
2.673	-3.89368E-6	
2.674	-1.85171E-6	
2.675	-3.91014E-6	
2.676	4.91938E-7	
2.677	-2.47467E-6	
2.678	-6.27898E-6	
2.679	-5.80858E-6	
2.68	-5.69792E-6	
2.681	-8.3648E-6	
2.682	-6.31096E-6	
2.683	-7.62203E-6	
2.684	-6.65718E-6	
2.685	-1.13255E-5	
2.686	-8.15076E-6	
2.687	-7.45256E-6	
2.688	-5.70081E-6	
2.689	-3.9062E-6	
2.69	-4.08996E-6	
2.691	-8.15353E-6	
2.692	-5.61477E-6	
2.693	-1.679E-6	
2.694	-2.29151E-6	
2.695	-4.8653E-6	
2.696	-4.91959E-6	
2.697	-4.63474E-6	
2.698	3.08557E-7	
2.699	-2.55098E-6	
2.7	-6.25534E-6	
2.701	-5.93991E-6	
2.702	-3.05948E-6	
2.703	-3.79779E-6	
2.704	-5.86501E-6	
2.705	-5.28958E-6	
2.706	-2.87388E-6	
2.707	1.64642E-6	
2.708	-3.02548E-6	
2.709	-9.4775E-6	
2.71	-5.16512E-6	
2.711	-7.69422E-6	
2.712	-8.75855E-6	
2.713	-4.83396E-6	
2.714	-8.09362E-6	
2.715	-4.21466E-6	
2.716	-6.8532E-6	
2.717	-2.70017E-6	
2.718	-1.43912E-6	
2.719	-5.52954E-6	
2.72	-8.4556E-6	
2.721	-7.21854E-6	
2.722	-5.36778E-6	
2.723	-6.24056E-6	
2.724	-7.02245E-6	
2.725	-3.0427E-6	
2.726	-3.18165E-6	
2.727	-5.8727E-6	
2.728	-7.89957E-6	
2.729	-6.94193E-6	
2.73	-1.31185E-6	
2.731	-4.28088E-6	
2.732	-2.41455E-6	
2.733	-7.11422E-6	
2.734	-3.12579E-6	
2.735	-3.02257E-6	
2.736	-2.05285E-6	
2.737	-1.28366E-6	
2.738	-1.10748E-5	
2.739	-5.5288E-6	
2.74	-1.39385E-6	
2.741	-2.43183E-6	
2.742	-8.84256E-6	
2.743	-8.16587E-6	
2.744	-6.35833E-6	
2.745	1.39096E-6	
2.746	-3.08494E-6	
2.747	7.76677E-7	
2.748	-1.68384E-6	
2.749	-6.10878E-6	
2.75	-6.2027E-6	
2.751	-7.79567E-6	
2.752	-6.9349E-6	
2.753	-1.39773E-6	
2.754	1.64445E-6	
2.755	-2.8044E-6	
2.756	-2.83567E-6	
2.757	-8.04819E-6	
2.758	-5.2376E-6	
2.759	9.47984E-7	
2.76	-5.51631E-6	
2.761	-4.0008E-6	
2.762	-4.24223E-6	
2.763	-7.93004E-6	
2.764	-5.52431E-6	
2.765	-3.96698E-6	
2.766	3.14805E-7	
2.767	-2.19221E-7	
2.768	-4.51886E-6	
2.769	1.26845E-6	
2.77	-6.44194E-6	
2.771	-4.45753E-6	
2.772	-3.54756E-6	
2.773	-7.98331E-6	
2.774	-7.53914E-6	
2.775	-7.61309E-6	
2.776	-2.20321E-6	
2.777	-3.78599E-6	
2.778	-9.09715E-6	
2.779	-6.39791E-6	
2.78	-3.07344E-6	
2.781	1.92889E-7	
2.782	-4.78726E-6	
2.783	-7.73146E-6	
2.784	-2.25149E-6	
2.785	-1.00537E-6	
2.786	-6.5819E-6	
2.787	-2.24098E-6	
2.788	-2.91032E-6	
2.789	-8.21567E-6	
2.79	-4.1507E-6	
2.791	-6.41277E-6	
2.792	-5.71951E-6	
2.793	-2.88641E-6	
2.794	-3.98194E-6	
2.795	-1.25923E-6	
2.796	-5.71562E-6	
2.797	-6.1425E-6	
2.798	-8.16941E-6	
2.799	-4.91873E-6	
2.8	-3.60169E-6	
2.801	-5.92168E-6	
2.802	-4.39867E-6	
2.803	-5.054E-6	
2.804	-6.38206E-6	
2.805	-6.72693E-6	
2.806	-5.09529E-6	
2.807	-5.69553E-6	
2.808	-4.38084E-6	
2.809	-9.24305E-7	
2.81	-5.96817E-6	
2.811	7.27034E-7	
2.812	-4.40176E-6	
2.813	-6.14273E-6	
2.814	-4.93621E-6	
2.815	-6.23344E-6	
2.816	-9.02783E-6	
2.817	-2.62866E-6	
2.818	-5.984E-6	
2.819	1.30423E-6	
2.82	-2.77036E-6	
2.821	-4.93362E-6	
2.822	-6.30212E-6	
2.823	-5.88337E-6	
2.824	2.93077E-6	
2.825	-3.85722E-6	
2.826	-5.13665E-6	
2.827	-3.35932E-6	
2.828	-3.06203E-6	
2.829	-5.56876E-6	
2.83	-4.99315E-6	
2.831	-2.71179E-6	
2.832	-4.72609E-6	
2.833	-8.29897E-6	
2.834	-3.79804E-6	
2.835	-2.31232E-6	
2.836	-3.43458E-6	
2.837	-4.94935E-6	
2.838	-3.51164E-6	
2.839	-1.16623E-5	
2.84	-3.0545E-6	
2.841	-3.27647E-6	
2.842	-6.84839E-6	
2.843	-3.3855E-6	
2.844	2.04046E-6	
2.845	-3.01649E-6	
2.846	-1.86216E-7	
2.847	-6.90786E-6	
2.848	-6.97296E-6	
2.849	-2.31773E-6	
2.85	-5.46496E-6	
2.851	-3.6174E-6	
2.852	-4.05812E-6	
2.853	-3.22759E-6	
2.854	-5.13228E-6	
2.855	-8.17064E-6	
2.856	-3.49319E-6	
2.857	-1.0484E-5	
2.858	-6.73342E-6	
2.859	-4.41147E-6	
2.86	-7.01662E-6	
2.861	-7.40223E-6	
2.862	-3.69856E-6	
2.863	-8.25275E-6	
2.864	-4.52027E-6	
2.865	-6.44175E-6	
2.866	-3.41679E-6	
2.867	-4.59293E-6	
2.868	-4.20744E-6	
2.869	-3.47608E-6	
2.87	-2.09902E-6	
2.871	-2.36863E-6	
2.872	-8.92255E-6	
2.873	-2.32483E-6	
2.874	-5.46658E-6	
2.875	-2.82566E-6	
2.876	-3.77558E-6	
2.877	-4.8426E-6	
2.878	-3.62242E-6	
2.879	-6.32723E-6	
2.88	-4.97384E-6	
2.881	-4.32763E-6	
2.882	-3.47447E-6	
2.883	-1.31143E-6	
2.884	-5.43758E-6	
2.885	-3.61937E-6	
2.886	-3.10844E-6	
2.887	-3.23199E-6	
2.888	-1.65562E-6	
2.889	-7.00423E-6	
2.89	-3.39677E-6	
2.891	-8.59201E-8	
2.892	7.18695E-7	
2.893	-2.2663E-6	
2.894	-6.67039E-6	
2.895	-3.65798E-6	
2.896	-3.823E-6	
2.897	-9.36116E-7	
2.898	-7.12722E-6	
2.899	-6.4663E-6	
2.9	-7.89265E-7	
2.901	-5.35542E-7	
2.902	-5.92885E-6	
2.903	-3.81552E-6	
2.904	-3.75685E-6	
2.905	-5.47507E-6	
2.906	-7.88602E-6	
2.907	1.00218E-6	
2.908	-6.30576E-6	
2.909	-2.28486E-6	
2.91	-4.7805E-6	
2.911	-3.4205E-6	
2.912	-6.44896E-6	
2.913	-5.55358E-6	
2.914	-2.75376E-6	
2.915	-2.34696E-6	
2.916	-3.03529E-6	
2.917	-5.38689E-6	
2.918	-6.13439E-6	
2.919	-7.45275E-6	
2.92	-1.98865E-6	
2.921	-5.09493E-6	
2.922	-5.52481E-6	
2.923	-9.79085E-6	
2.924	-6.52907E-6	
2.925	-4.65512E-6	
2.926	-1.12528E-5	
2.927	-2.51108E-6	
2.928	-2.94366E-6	
2.929	-2.66283E-6	
2.93	-2.26696E-6	
2.931	-3.90606E-6	
2.932	-2.75268E-6	
2.933	-3.89248E-6	
2.934	-6.37705E-6	
2.935	-5.33979E-6	
2.936	-2.21589E-6	
2.937	-6.08452E-6	
2.938	-4.5556E-6	
2.939	-1.58883E-6	
2.94	-4.25917E-6	
2.941	-1.39381E-6	
2.942	-6.61124E-6	
2.943	-6.93297E-6	
2.944	-1.98641E-6	
2.945	-2.31414E-6	
2.946	-1.84955E-6	
2.947	-3.18177E-6	
2.948	-2.77892E-6	
2.949	-3.62462E-6	
2.95	-8.4621E-7	
2.951	-3.28751E-6	
2.952	-1.43443E-6	
2.953	-1.59731E-6	
2.954	-5.38022E-6	
2.955	-5.87209E-6	
2.956	-2.8398E-6	
2.957	-5.93576E-6	
2.958	-6.17149E-6	
2.959	-6.83591E-6	
2.96	-2.19523E-6	
2.961	-5.93064E-6	
2.962	-9.14048E-6	
2.963	-6.04692E-6	
2.964	-3.11911E-6	
2.965	-2.66987E-6	
2.966	-4.98107E-6	
2.967	-4.33822E-6	
2.968	-6.56849E-6	
2.969	-5.0307E-6	
2.97	-2.30126E-6	
2.971	6.7994E-7	
2.972	-4.51582E-6	
2.973	-6.32151E-6	
2.974	-7.98781E-6	
2.975	-3.82419E-6	
2.976	-5.225E-6	
2.977	-2.95379E-6	
2.978	-4.45348E-6	
2.979	-5.36036E-6	
2.98	-1.03874E-6	
2.981	-3.83776E-6	
2.982	-6.99938E-6	
2.983	-6.10419E-6	
2.984	-2.9189E-6	
2.985	-1.73483E-6	
2.986	-6.70577E-6	
2.987	-6.29857E-6	
2.988	-4.61675E-6	
2.989	-5.74007E-6	
2.99	-8.2996E-6	
2.991	-1.93807E-6	
2.992	-2.7499E-6	
2.993	-5.05827E-6	
2.994	-8.35094E-6	
2.995	-2.99444E-6	
2.996	-1.14383E-6	
2.997	-3.21403E-6	
2.998	-3.12299E-6	
2.999	-5.63118E-6	
3	-7.06044E-6	
3.001	-6.12202E-6	
3.002	-1.02652E-5	
3.003	-2.94916E-6	
3.004	-5.81223E-6	
3.005	-5.02658E-6	
3.006	-3.66815E-6	
3.007	-7.009E-6	
3.008	-4.56858E-6	
3.009	-2.62723E-6	
3.01	-7.04361E-6	
3.011	-7.51043E-6	
3.012	-5.75212E-6	
3.013	-1.35346E-6	
3.014	-3.33629E-6	
3.015	-5.08784E-6	
3.016	-3.33554E-6	
3.017	-6.33151E-6	
3.018	-4.65273E-6	
3.019	-1.61561E-6	
3.02	-4.2175E-6	
3.021	-5.2466E-6	
3.022	-6.83245E-6	
3.023	-2.53594E-6	
3.024	-8.07938E-6	
3.025	-2.75536E-6	
3.026	-8.71217E-7	
3.027	-7.47742E-6	
3.028	-5.25141E-6	
3.029	-6.01603E-6	
3.03	-7.1341E-6	
3.031	-3.69081E-6	
3.032	-1.74383E-6	
3.033	-7.40011E-6	
3.034	-2.99542E-6	
3.035	-2.44918E-6	
3.036	-6.917E-6	
3.037	-8.20039E-6	
3.038	-5.54207E-6	
3.039	-3.41678E-6	
3.04	-4.57985E-6	
3.041	-4.14337E-6	
3.042	-3.16889E-6	
3.043	-2.47974E-6	
3.044	-7.4951E-6	
3.045	-5.71034E-6	
3.046	-2.26455E-6	
3.047	-7.6056E-6	
3.048	-5.99842E-6	
3.049	-2.03417E-6	
3.05	-2.5679E-6	
3.051	2.07689E-6	
3.052	-8.17305E-7	
3.053	-2.3503E-6	
3.054	-4.11674E-6	
3.055	-3.84271E-6	
3.056	-2.0111E-6	
3.057	-1.70995E-6	
3.058	-7.04636E-6	
3.059	-5.49171E-6	
3.06	-1.85817E-6	
3.061	-4.2576E-6	
3.062	-4.94414E-6	
3.063	3.07106E-7	
3.064	-2.70619E-6	
3.065	-9.89609E-10	
3.066	-2.25438E-6	
3.067	-7.18601E-6	
3.068	-5.83385E-6	
3.069	-5.78147E-6	
3.07	-3.60229E-6	
3.071	-2.50169E-7	
3.072	-2.80174E-6	
3.073	-3.31515E-6	
3.074	-6.91037E-6	
3.075	-3.73681E-6	
3.076	-7.83089E-6	
3.077	-7.15928E-6	
3.078	-6.06666E-6	
3.079	-4.52774E-6	
3.08	-7.2433E-6	
3.081	-1.70922E-6	
3.082	-3.14688E-6	
3.083	-4.5614E-6	
3.084	-4.85673E-6	
3.085	-5.7776E-6	
3.086	-4.15854E-6	
3.087	-2.31031E-6	
3.088	-4.73197E-6	
3.089	-2.37025E-6	
3.09	-4.69305E-6	
3.091	-4.71241E-6	
3.092	-5.90413E-6	
3.093	-9.76709E-6	
3.094	-3.58599E-6	
3.095	-4.81725E-6	
3.096	-1.34845E-6	
3.097	-5.48248E-6	
3.098	-5.29418E-6	
3.099	-3.06418E-6	
3.1	-8.3246E-6	
3.101	-7.49159E-6	
3.102	-5.71607E-6	
3.103	-5.15049E-6	
3.104	-1.18278E-6	
3.105	-2.25944E-6	
3.106	-6.50624E-6	
3.107	-5.01325E-6	
3.108	-7.93184E-6	
3.109	-5.76968E-6	
3.11	-5.97619E-6	
3.111	-2.69769E-6	
3.112	-3.09282E-6	
3.113	-2.47012E-6	
3.114	-6.39013E-6	
3.115	-2.79102E-6	
3.116	-9.84554E-6	
3.117	-9.91135E-6	
3.118	-7.94083E-6	
3.119	-4.88714E-6	
3.12	-4.41185E-6	
3.121	-5.27764E-6	
3.122	-8.25895E-6	
3.123	-3.21766E-6	
3.124	-4.38655E-6	
3.125	-4.7374E-6	
3.126	-9.32839E-6	
3.127	-2.61777E-6	
3.128	-3.41677E-6	
3.129	-2.54342E-6	
3.13	-2.77057E-6	
3.131	-3.52852E-7	
3.132	-1.53415E-6	
3.133	-3.6867E-6	
3.134	-4.97313E-6	
3.135	-3.30004E-6	
3.136	-1.57437E-6	
3.137	-7.0134E-6	
3.138	-6.42845E-6	
3.139	-4.38489E-6	
3.14	-5.12504E-6	
3.141	-1.94474E-6	
3.142	-4.71119E-6	
3.143	-1.32274E-6	
3.144	-6.76806E-6	
3.145	-6.98974E-6	
3.146	-4.9357E-6	
3.147	-1.46742E-6	
3.148	-1.30506E-6	
3.149	-5.3363E-6	
3.15	-3.24868E-8	
3.151	-5.30008E-6	
3.152	-1.03766E-6	
3.153	-4.132E-6	
3.154	-6.79497E-6	
3.155	2.08349E-6	
3.156	-1.22721E-6	
3.157	-7.24674E-6	
3.158	-3.37509E-6	
3.159	-8.70086E-7	
3.16	-7.4495E-7	
3.161	-3.13422E-6	
3.162	-7.44413E-6	
3.163	-2.16629E-6	
3.164	-1.86844E-7	
3.165	2.39562E-8	
3.166	-3.31206E-6	
3.167	-5.02184E-6	
3.168	-6.19718E-6	
3.169	-2.5061E-6	
3.17	-4.45615E-6	
3.171	-7.0077E-6	
3.172	-8.57621E-6	
3.173	-5.72142E-6	
3.174	-5.6084E-6	
3.175	-6.35943E-6	
3.176	-4.66573E-6	
3.177	-1.52467E-6	
3.178	-5.30271E-6	
3.179	-6.68324E-6	
3.18	-5.43279E-6	
3.181	-3.05899E-6	
3.182	-2.90773E-6	
3.183	-4.14946E-6	
3.184	-6.42311E-6	
3.185	-7.88393E-6	
3.186	-4.84841E-6	
3.187	-6.36297E-6	
3.188	-6.69337E-6	
3.189	-7.56804E-6	
3.19	-1.16136E-6	
3.191	8.15974E-8	